318 213
318 210
318 205
318 201
318 197
317 191
315 185
311 178
306 171
301 165
295 161
289 156
282 153
276 149
270 146
266 144
261 141
258 140
255 138
253 138
251 137
249 137
248 137
246 137
244 138
241 141
238 145
236 149
233 153
232 158
230 164
229 170
229 176
229 183
229 190
229 196
230 202
231 207
231 211
232 214
232 216
232 217
232 218
233 218
232 217
231 217
229 216
225 214
220 213
213 211
207 209
200 209
192 208
185 208
178 209
171 211
165 215
159 219
154 225
148 231
143 236
140 241
136 246
134 250
132 254
131 257
130 259
130 262
130 264
130 266
130 268
131 271
132 273
134 274
136 276
138 277
141 278
145 279
151 280
157 280
164 279
171 278
177 276
183 274
188 272
192 269
197 267
200 265
203 264
206 263
208 261
210 260
212 259
214 258
215 257
217 256
218 255
217 256
214 260
210 266
206 271
202 278
196 288
191 299
188 310
185 320
183 329
182 337
181 345
181 351
181 357
181 363
181 368
181 372
181 376
182 379
182 381
183 382
184 382
186 383
188 383
193 383
198 382
204 379
210 375
216 372
222 367
227 362
231 357
236 351
239 346
242 341
245 335
247 328
248 321
249 314
250 308
251 301
252 295
252 290
252 287
253 284
253 283
253 282
253 283
253 284
253 285
253 286
254 288
256 294
259 301
264 310
270 319
278 329
285 338
292 347
300 354
307 360
314 365
320 369
325 372
329 374
332 376
335 376
338 377
340 377
342 377
345 377
347 376
349 375
351 374
352 372
353 369
354 364
354 358
353 350
350 342
345 332
340 324
334 315
328 307
322 300
315 293
308 286
302 281
297 277
294 274
291 271
289 269
288 268
287 266
286 264
286 263
285 263
286 263
289 263
294 263
301 263
309 264
317 265
324 265
331 266
338 266
343 266
348 266
352 266
356 264
359 263
362 260
364 257
367 254
370 250
372 245
373 241
375 236
375 231
376 227
376 223
375 220
373 216
369 213
365 211
362 208
358 207
354 205
350 204
346 203
343 203
340 203
337 203
335 202
333 202
331 202
330 202
328 202
327 203
325 203
324 203
323 204
321 205
320 206
320 207
320 208
319 209
319 210
318 210
318 213