264  89
258  89
241  94
213  110
191  128
168  155
139  198
119  245
108  295
104  339
103  371
108  400
126  422
166  428
238  412
330  375
409  333
478  289
538  242
577  205
603  173
619  147
627  127
630  109
631  94
626  81
618  71
609  63
600  57
590  53
579  51
565  49
547  49
531  48
516  49
500  50
486  53
472  57
458  61
444  67
431  72
418  78
406  83
395  88
385  92
377  95
372  97
366  99
362  100
359  101
357  101
354  101
351  101
348  101
344  101
340  101
335  101
329  101
323  101
317  101
310  100
303  100
297  100
291  100
286  100
281  100
277  100
274  100
272  100
271  100
271  99
270  99
270  98
270  97
270  96
270  95
270  94
270  93
269  92
269  91
268  91
268  90
267  90
267  89
266  89
265  89
