   2.8661700e+00   1.0897000e+00
   2.8112125e+00   1.0970458e+00
   2.7562551e+00   1.1043916e+00
   2.7012976e+00   1.1117374e+00
   2.6463402e+00   1.1190832e+00
   2.5912892e+00   1.1256600e+00
   2.5361730e+00   1.1317008e+00
   2.4810569e+00   1.1377416e+00
   2.4259407e+00   1.1437825e+00
   2.3708039e+00   1.1496153e+00
   2.3155739e+00   1.1545070e+00
   2.2603439e+00   1.1593987e+00
   2.2051139e+00   1.1642904e+00
   2.1498839e+00   1.1691820e+00
   2.0957723e+00   1.1807238e+00
   2.0419806e+00   1.1941678e+00
   1.9881890e+00   1.2076117e+00
   1.9343973e+00   1.2210557e+00
   1.8806058e+00   1.2345004e+00
   1.8268147e+00   1.2479465e+00
   1.7730236e+00   1.2613926e+00
   1.7192324e+00   1.2748387e+00
   1.6654413e+00   1.2882847e+00
   1.6116512e+00   1.3017349e+00
   1.5578611e+00   1.3151853e+00
   1.5040711e+00   1.3286356e+00
   1.4502810e+00   1.3420860e+00
   1.3981419e+00   1.3603644e+00
   1.3473788e+00   1.3826666e+00
   1.2966157e+00   1.4049688e+00
   1.3061960e+00   1.4266901e+00
   1.3573791e+00   1.4480109e+00
   1.4085622e+00   1.4693317e+00
   1.4597452e+00   1.4906525e+00
   1.5104774e+00   1.5129150e+00
   1.5591784e+00   1.5394196e+00
   1.6078794e+00   1.5659242e+00
   1.6565805e+00   1.5924288e+00
   1.7052815e+00   1.6189334e+00
   1.7504913e+00   1.6508737e+00
   1.7948496e+00   1.6841396e+00
   1.8392079e+00   1.7174055e+00
   1.8835663e+00   1.7506714e+00
   1.9275119e+00   1.7844703e+00
   1.9708196e+00   1.8190928e+00
   2.0141274e+00   1.8537154e+00
   2.0574351e+00   1.8883380e+00
   2.1007428e+00   1.9229606e+00
   2.1422113e+00   1.9597647e+00
   2.1836544e+00   1.9965987e+00
   2.2250976e+00   2.0334328e+00
   2.2665407e+00   2.0702669e+00
   2.2530199e+00   2.0930165e+00
   2.1989698e+00   2.1053807e+00
   2.1446884e+00   2.1145615e+00
   2.0894187e+00   2.1101403e+00
   2.0341491e+00   2.1057191e+00
   1.9788794e+00   2.1012979e+00
   1.9236097e+00   2.0968767e+00
   1.8683401e+00   2.0924555e+00
   1.8130704e+00   2.0880343e+00
   1.7578007e+00   2.0836131e+00
   1.7025311e+00   2.0791919e+00
   1.6473061e+00   2.0785147e+00
   1.5921576e+00   2.0842528e+00
   1.6070134e+00   2.0972282e+00
   1.6598216e+00   2.1141272e+00
   1.7126297e+00   2.1310263e+00
   1.7654379e+00   2.1479254e+00
   1.8182463e+00   2.1648240e+00
   1.8710551e+00   2.1817211e+00
   1.9238639e+00   2.1986182e+00
   1.9766727e+00   2.2155153e+00
   2.0294815e+00   2.2324124e+00
   2.0822893e+00   2.2493128e+00
   2.1350968e+00   2.2662139e+00
   2.1879043e+00   2.2831151e+00
   2.2407119e+00   2.3000162e+00
   2.2487002e+00   2.3137022e+00
   2.1940210e+00   2.3228928e+00
   2.1391403e+00   2.3296700e+00
   2.0836941e+00   2.3296700e+00
   2.0282479e+00   2.3296700e+00
   1.9728017e+00   2.3296700e+00
   1.9173555e+00   2.3296700e+00
   1.8619092e+00   2.3296700e+00
   1.8064630e+00   2.3296700e+00
   1.7510168e+00   2.3296700e+00
   1.6955706e+00   2.3296700e+00
   1.6401244e+00   2.3296700e+00
   1.5846782e+00   2.3296700e+00
   1.5292319e+00   2.3296700e+00
   1.4737857e+00   2.3296700e+00
   1.4214465e+00   2.3305926e+00
   1.4679074e+00   2.3608526e+00
   1.5186996e+00   2.3815477e+00
   1.5720906e+00   2.3965040e+00
   1.6254815e+00   2.4114603e+00
   1.6788725e+00   2.4264165e+00
   1.7322639e+00   2.4413710e+00
   1.7856572e+00   2.4563189e+00
   1.8390505e+00   2.4712667e+00
   1.8924438e+00   2.4862146e+00
   1.9458371e+00   2.5011624e+00
   1.9987184e+00   2.5178083e+00
   2.0514744e+00   2.5348696e+00
   2.1042304e+00   2.5519308e+00
   2.1232401e+00   2.5641128e+00
   2.0678120e+00   2.5655321e+00
   2.0123840e+00   2.5669515e+00
   1.9569559e+00   2.5683709e+00
   1.9015279e+00   2.5697902e+00
   1.8460999e+00   2.5712116e+00
   1.7906719e+00   2.5726332e+00
   1.7352439e+00   2.5740548e+00
   1.6798159e+00   2.5754763e+00
   1.6243879e+00   2.5768979e+00
   1.5689599e+00   2.5783195e+00
   1.5135319e+00   2.5797411e+00
   1.4581039e+00   2.5811627e+00
   1.4026760e+00   2.5825840e+00
   1.3472479e+00   2.5840032e+00
   1.2918198e+00   2.5854223e+00
   1.2363918e+00   2.5868415e+00
   1.1809637e+00   2.5882606e+00
   1.1255357e+00   2.5896814e+00
   1.0701077e+00   2.5911030e+00
   1.0146797e+00   2.5925246e+00
   9.5925176e-01   2.5939463e+00
   9.3208136e-01   2.5985006e+00
   9.8585202e-01   2.6120283e+00
   1.0396227e+00   2.6255560e+00
   1.0939599e+00   2.6364330e+00
   1.1485624e+00   2.6460689e+00
   1.2031649e+00   2.6557048e+00
   1.2577674e+00   2.6653406e+00
   1.3123699e+00   2.6749765e+00
   1.3669724e+00   2.6846124e+00
   1.4215749e+00   2.6942482e+00
   1.4761774e+00   2.7038841e+00
   1.5307799e+00   2.7135200e+00
   1.5853825e+00   2.7231555e+00
   1.6399850e+00   2.7327910e+00
   1.6945876e+00   2.7424265e+00
   1.7491902e+00   2.7520619e+00
   1.8036674e+00   2.7623559e+00
   1.8579908e+00   2.7734574e+00
   1.9123143e+00   2.7845590e+00
   1.9666378e+00   2.7956606e+00
   1.9377956e+00   2.8025268e+00
   1.8826254e+00   2.8080522e+00
   1.8274552e+00   2.8135776e+00
   1.7722850e+00   2.8191030e+00
   1.7171144e+00   2.8246252e+00
   1.6619433e+00   2.8301414e+00
   1.6067722e+00   2.8356577e+00
   1.5516010e+00   2.8411739e+00
   1.4964299e+00   2.8466901e+00
   1.4412589e+00   2.8522080e+00
   1.3860880e+00   2.8577260e+00
   1.3309170e+00   2.8632440e+00
   1.2757460e+00   2.8687620e+00
   1.2205750e+00   2.8742790e+00
   1.1654038e+00   2.8797952e+00
   1.1102327e+00   2.8853114e+00
   1.0550616e+00   2.8908276e+00
   1.0124276e+00   2.8978684e+00
   1.0646688e+00   2.9164464e+00
   1.1169100e+00   2.9350244e+00
   1.1691511e+00   2.9536024e+00
   1.2213923e+00   2.9721804e+00
   1.2738248e+00   2.9902106e+00
   1.3262728e+00   3.0081966e+00
   1.3787207e+00   3.0261826e+00
   1.4311687e+00   3.0441685e+00
   1.4836178e+00   3.0621510e+00
   1.5360681e+00   3.0801302e+00
   1.5885184e+00   3.0981094e+00
   1.6409687e+00   3.1160886e+00
   1.6934189e+00   3.1340679e+00
   1.7458689e+00   3.1520478e+00
   1.7983190e+00   3.1700277e+00
   1.8507690e+00   3.1880076e+00
   1.9032191e+00   3.2059874e+00
   1.9556677e+00   3.2239716e+00
   2.0081156e+00   3.2419575e+00
   2.0605636e+00   3.2599435e+00
   2.1130115e+00   3.2779295e+00
   2.1349588e+00   3.2903954e+00
   2.0795339e+00   3.2888583e+00
   2.0241090e+00   3.2873212e+00
   1.9686841e+00   3.2857841e+00
   1.9132818e+00   3.2836647e+00
   1.8579051e+00   3.2808898e+00
   1.8025284e+00   3.2781148e+00
   1.7471516e+00   3.2753398e+00
   1.6917749e+00   3.2725654e+00
   1.6363977e+00   3.2697993e+00
   1.5810205e+00   3.2670331e+00
   1.5256434e+00   3.2642670e+00
   1.4702662e+00   3.2615009e+00
   1.4148892e+00   3.2587302e+00
   1.3595124e+00   3.2559572e+00
   1.3041356e+00   3.2531842e+00
   1.2487587e+00   3.2504111e+00
   1.1933818e+00   3.2476398e+00
   1.1380046e+00   3.2448740e+00
   1.0826274e+00   3.2421081e+00
   1.0272503e+00   3.2393423e+00
   9.7187307e-01   3.2365765e+00
   9.6658364e-01   3.2592796e+00
   1.0207106e+00   3.2713029e+00
   1.0748375e+00   3.2833261e+00
   1.1289644e+00   3.2953494e+00
   1.1830913e+00   3.3073727e+00
   1.2372164e+00   3.3194045e+00
   1.2913413e+00   3.3314365e+00
   1.3454663e+00   3.3434686e+00
   1.3995913e+00   3.3555006e+00
   1.4537174e+00   3.3675276e+00
   1.5078444e+00   3.3795505e+00
   1.5619714e+00   3.3915734e+00
   1.6160984e+00   3.4035964e+00
   1.6702251e+00   3.4156207e+00
   1.7243501e+00   3.4276527e+00
   1.7784750e+00   3.4396848e+00
   1.8326000e+00   3.4517168e+00
   1.8867250e+00   3.4637489e+00
   1.9211224e+00   3.5024798e+00
   1.8786712e+00   3.5156598e+00
   1.8236533e+00   3.5225384e+00
   1.7686355e+00   3.5294171e+00
   1.7136176e+00   3.5362958e+00
   1.6585996e+00   3.5431736e+00
   1.6035815e+00   3.5500503e+00
   1.5485633e+00   3.5569270e+00
   1.4935452e+00   3.5638036e+00
   1.4385271e+00   3.5706803e+00
   1.3835089e+00   3.5775568e+00
   1.3284908e+00   3.5844332e+00
   1.2734726e+00   3.5913096e+00
   1.2184545e+00   3.5981860e+00
   1.1634949e+00   3.6055071e+00
   1.1085718e+00   3.6131061e+00
   1.0536488e+00   3.6207050e+00
   9.9872575e-01   3.6283039e+00
   1.0137547e+00   3.6351884e+00
   1.0688215e+00   3.6416640e+00
   1.1238882e+00   3.6481396e+00
   1.1789550e+00   3.6546152e+00
   1.2340216e+00   3.6610927e+00
   1.2890873e+00   3.6675772e+00
   1.3441530e+00   3.6740617e+00
   1.3992188e+00   3.6805461e+00
   1.4542845e+00   3.6870306e+00
   1.5093509e+00   3.6935089e+00
   1.5644176e+00   3.6999859e+00
   1.6194842e+00   3.7064628e+00
   1.6745508e+00   3.7129398e+00
   1.7296174e+00   3.7194172e+00
   1.7846838e+00   3.7258952e+00
   1.8397503e+00   3.7323732e+00
   1.8948168e+00   3.7388512e+00
   1.9498833e+00   3.7453292e+00
   2.0001033e+00   3.7687868e+00
   1.9586956e+00   3.7764414e+00
   1.9034994e+00   3.7817010e+00
   1.8483032e+00   3.7869606e+00
   1.7931070e+00   3.7922202e+00
   1.7379104e+00   3.7974761e+00
   1.6827135e+00   3.8027275e+00
   1.6275165e+00   3.8079790e+00
   1.5723195e+00   3.8132304e+00
   1.5171226e+00   3.8184823e+00
   1.4619264e+00   3.8237419e+00
   1.4067302e+00   3.8290014e+00
   1.3515340e+00   3.8342610e+00
   1.2963378e+00   3.8395206e+00
   1.2411417e+00   3.8447807e+00
   1.1859456e+00   3.8500412e+00
   1.1307495e+00   3.8553016e+00
   1.0755534e+00   3.8605621e+00
   1.0203571e+00   3.8658208e+00
   9.6516024e-01   3.8710736e+00
   9.0996340e-01   3.8763265e+00
   8.5476657e-01   3.8815793e+00
   7.9956973e-01   3.8868322e+00
   8.3266385e-01   3.9009924e+00
   8.8703737e-01   3.9099962e+00
   9.4233536e-01   3.9140478e+00
   9.9763335e-01   3.9180994e+00
   1.0529313e+00   3.9221510e+00
   1.1082294e+00   3.9262010e+00
   1.1635281e+00   3.9302435e+00
   1.2188267e+00   3.9342861e+00
   1.2741254e+00   3.9383286e+00
   1.3294241e+00   3.9423711e+00
   1.3847222e+00   3.9464206e+00
   1.4400202e+00   3.9504722e+00
   1.4953182e+00   3.9545238e+00
   1.5506162e+00   3.9585753e+00
   1.6059144e+00   3.9626236e+00
   1.6612131e+00   3.9666662e+00
   1.7165117e+00   3.9707087e+00
   1.7718104e+00   3.9747512e+00
   1.8271090e+00   3.9787938e+00
   1.8823742e+00   3.9832701e+00
   1.9376375e+00   3.9877697e+00
   1.9929008e+00   3.9922693e+00
   2.0481642e+00   3.9967689e+00
   2.0164412e+00   4.0061203e+00
   1.9620210e+00   4.0167377e+00
   1.9076009e+00   4.0273551e+00
   1.8531807e+00   4.0379725e+00
   1.7987608e+00   4.0485913e+00
   1.7443413e+00   4.0592121e+00
   1.6899218e+00   4.0698330e+00
   1.6355024e+00   4.0804539e+00
   1.5810829e+00   4.0910747e+00
   1.5266627e+00   4.1016918e+00
   1.4722424e+00   4.1123088e+00
   1.4178222e+00   4.1229258e+00
   1.3634019e+00   4.1335428e+00
   1.3089817e+00   4.1441600e+00
   1.2545616e+00   4.1547774e+00
   1.2001414e+00   4.1653948e+00
   1.1457213e+00   4.1760122e+00
   1.0913012e+00   4.1866299e+00
   1.0368814e+00   4.1972494e+00
   9.8246165e-01   4.2078688e+00
   9.2804189e-01   4.2184883e+00
   8.7362213e-01   4.2291078e+00
   8.2045760e-01   4.2445682e+00
   7.9669175e-01   4.2560707e+00
   8.5199696e-01   4.2521189e+00
   9.0730217e-01   4.2481671e+00
   9.6260738e-01   4.2442154e+00
   1.0179126e+00   4.2402636e+00
   1.0732182e+00   4.2363176e+00
   1.1285239e+00   4.2323725e+00
   1.1838296e+00   4.2284274e+00
   1.2391353e+00   4.2244824e+00
   1.2944408e+00   4.2205344e+00
   1.3497460e+00   4.2165827e+00
   1.4050512e+00   4.2126310e+00
   1.4603564e+00   4.2086794e+00
   1.5156616e+00   4.2047276e+00
   1.5709667e+00   4.2007735e+00
   1.6262717e+00   4.1968194e+00
   1.6815768e+00   4.1928653e+00
   1.7368818e+00   4.1889113e+00
   1.7921873e+00   4.1849628e+00
   1.8474930e+00   4.1810178e+00
   1.9027987e+00   4.1770727e+00
   1.9581044e+00   4.1731276e+00
   2.0117899e+00   4.1760788e+00
   2.0595533e+00   4.2042381e+00
   2.1073166e+00   4.2323973e+00
   2.1550800e+00   4.2605566e+00
   2.1716771e+00   4.2878482e+00
   2.1224212e+00   4.3133067e+00
   2.0731652e+00   4.3387652e+00
   2.0239093e+00   4.3642236e+00
   1.9738754e+00   4.3879910e+00
   1.9224927e+00   4.4088261e+00
   1.8711100e+00   4.4296612e+00
   1.8197273e+00   4.4504963e+00
   1.7683446e+00   4.4713314e+00
   1.7169592e+00   4.4921599e+00
   1.6655737e+00   4.5129880e+00
   1.6141882e+00   4.5338161e+00
   1.5628026e+00   4.5546442e+00
   1.5114175e+00   4.5754734e+00
   1.4600328e+00   4.5963034e+00
   1.4086480e+00   4.6171335e+00
   1.3572633e+00   4.6379636e+00
   1.3058788e+00   4.6587943e+00
   1.2544961e+00   4.6796294e+00
   1.2031135e+00   4.7004645e+00
   1.1517308e+00   4.7212996e+00
   1.1003481e+00   4.7421347e+00
   1.0857951e+00   4.7830673e+00
   1.1409023e+00   4.7769453e+00
   1.1960095e+00   4.7708233e+00
   1.2511167e+00   4.7647012e+00
   1.3062239e+00   4.7585792e+00
   1.3613311e+00   4.7524575e+00
   1.4164384e+00   4.7463360e+00
   1.4715456e+00   4.7402145e+00
   1.5266529e+00   4.7340930e+00
   1.5817602e+00   4.7279715e+00
   1.6368675e+00   4.7218503e+00
   1.6919747e+00   4.7157290e+00
   1.7470820e+00   4.7096077e+00
   1.8021893e+00   4.7034865e+00
   1.8572966e+00   4.6973652e+00
   1.9124039e+00   4.6912439e+00
   1.9675112e+00   4.6851227e+00
   2.0226185e+00   4.6790014e+00
   2.0751635e+00   4.6866072e+00
   2.1243520e+00   4.7121958e+00
   2.1735405e+00   4.7377844e+00
   2.2227289e+00   4.7633731e+00
   2.2234123e+00   4.8050658e+00
   2.1992956e+00   4.8549925e+00
   2.1751789e+00   4.9049191e+00
   2.1256348e+00   4.9267617e+00
   2.0735650e+00   4.9458149e+00
   2.0214952e+00   4.9648681e+00
   1.9694255e+00   4.9839212e+00
   1.9173555e+00   5.0029738e+00
   1.8652853e+00   5.0220257e+00
   1.8132150e+00   5.0410776e+00
   1.7611448e+00   5.0601295e+00
   1.7090746e+00   5.0791813e+00
   1.6570041e+00   5.0982325e+00
   1.6049336e+00   5.1172837e+00
   1.5528631e+00   5.1363349e+00
   1.5007926e+00   5.1553860e+00
   1.4487207e+00   5.1744331e+00
   1.3966480e+00   5.1934783e+00
   1.3445753e+00   5.2125235e+00
   1.2925026e+00   5.2315687e+00
   1.2404308e+00   5.2506162e+00
   1.1883613e+00   5.2696701e+00
   1.1362918e+00   5.2887240e+00
   1.0842223e+00   5.3077779e+00
   1.0321528e+00   5.3268318e+00
   1.0720596e+00   5.3324674e+00
   1.1264354e+00   5.3225579e+00
   1.1807056e+00   5.3111991e+00
   1.2349759e+00   5.2998404e+00
   1.2892462e+00   5.2884817e+00
   1.3435164e+00   5.2771227e+00
   1.3977866e+00   5.2657635e+00
   1.4520567e+00   5.2544043e+00
   1.5063269e+00   5.2430451e+00
   1.5605971e+00   5.2316860e+00
   1.6148674e+00   5.2203272e+00
   1.6691376e+00   5.2089685e+00
   1.7234079e+00   5.1976098e+00
   1.7776782e+00   5.1862510e+00
   1.8319484e+00   5.1748923e+00
   1.8862187e+00   5.1635336e+00
   1.9404890e+00   5.1521748e+00
   1.9947593e+00   5.1408161e+00
   2.0490295e+00   5.1294572e+00
   2.1032997e+00   5.1180980e+00
   2.1575698e+00   5.1067389e+00
   2.2118400e+00   5.0953797e+00
   2.2661102e+00   5.0840205e+00
   2.2449878e+00   5.1190774e+00
   2.2006307e+00   5.1506102e+00
   2.1515975e+00   5.1764951e+00
   2.1025643e+00   5.2023800e+00
   2.0535311e+00   5.2282648e+00
   2.0044970e+00   5.2541481e+00
   1.9554606e+00   5.2800268e+00
   1.9064241e+00   5.3059055e+00
   1.8573876e+00   5.3317842e+00
   1.8083512e+00   5.3576630e+00
   1.7593130e+00   5.3835385e+00
   1.7102746e+00   5.4094134e+00
   1.6612361e+00   5.4352884e+00
   1.6121977e+00   5.4611634e+00
   1.5631616e+00   5.4870428e+00
   1.5141284e+00   5.5129277e+00
   1.4650951e+00   5.5388125e+00
   1.4160619e+00   5.5646974e+00
   1.3670381e+00   5.5905998e+00
   1.3182790e+00   5.6169975e+00
   1.2695200e+00   5.6433953e+00
   1.2207610e+00   5.6697930e+00
   1.1923485e+00   5.6870935e+00
   1.2445331e+00   5.6683571e+00
   1.2967177e+00   5.6496208e+00
   1.3489023e+00   5.6308845e+00
   1.4010869e+00   5.6121482e+00
   1.4532738e+00   5.5934183e+00
   1.5054613e+00   5.5746900e+00
   1.5576488e+00   5.5559617e+00
   1.6098363e+00   5.5372334e+00
   1.6620233e+00   5.5185037e+00
   1.7142094e+00   5.4997716e+00
   1.7663955e+00   5.4810394e+00
   1.8185816e+00   5.4623073e+00
   1.8707677e+00   5.4435751e+00
   1.9229528e+00   5.4248402e+00
   1.9751379e+00   5.4061052e+00
   2.0273230e+00   5.3873702e+00
   2.0795080e+00   5.3686351e+00
   2.1316929e+00   5.3498994e+00
   2.1838775e+00   5.3311631e+00
   2.2360621e+00   5.3124268e+00
   2.2882467e+00   5.2936905e+00
   2.3407107e+00   5.2795484e+00
   2.3744175e+00   5.2959496e+00
   2.3293929e+00   5.3283079e+00
   2.2843682e+00   5.3606663e+00
   2.2393436e+00   5.3930246e+00
   2.1943189e+00   5.4253830e+00
   2.1492970e+00   5.4577451e+00
   2.1042757e+00   5.4901082e+00
   2.0592544e+00   5.5224712e+00
   2.0142332e+00   5.5548343e+00
   1.9692115e+00   5.5871968e+00
   1.9241891e+00   5.6195584e+00
   1.8791668e+00   5.6519200e+00
   1.8341444e+00   5.6842815e+00
   1.7891221e+00   5.7166431e+00
   1.7440975e+00   5.7490016e+00
   1.6990729e+00   5.7813599e+00
   1.6540482e+00   5.8137183e+00
   1.6090235e+00   5.8460766e+00
   1.5641836e+00   5.8786893e+00
   1.5194873e+00   5.9114997e+00
   1.4747910e+00   5.9443102e+00
   1.4300947e+00   5.9771206e+00
   1.4385707e+00   5.9787809e+00
   1.4890467e+00   5.9558363e+00
   1.5395226e+00   5.9328916e+00
   1.5899986e+00   5.9099470e+00
   1.6404746e+00   5.8870023e+00
   1.6909506e+00   5.8640576e+00
   1.7414266e+00   5.8411130e+00
   1.7919026e+00   5.8181683e+00
   1.8423786e+00   5.7952236e+00
   1.8928568e+00   5.7722838e+00
   1.9433357e+00   5.7493456e+00
   1.9938146e+00   5.7264074e+00
   2.0442936e+00   5.7034693e+00
   2.0947715e+00   5.6805290e+00
   2.1452475e+00   5.6575843e+00
   2.1957235e+00   5.6346396e+00
   2.2461995e+00   5.6116950e+00
   2.2966755e+00   5.5887503e+00
   2.3477739e+00   5.5672325e+00
   2.3989292e+00   5.5458451e+00
   2.4500844e+00   5.5244576e+00
   2.4609996e+00   5.5265104e+00
   2.4171607e+00   5.5604579e+00
   2.3733218e+00   5.5944054e+00
   2.3294829e+00   5.6283530e+00
   2.2856440e+00   5.6623004e+00
   2.2417981e+00   5.6962390e+00
   2.1979523e+00   5.7301775e+00
   2.1541065e+00   5.7641161e+00
   2.1102607e+00   5.7980547e+00
   2.0664164e+00   5.8319952e+00
   2.0225731e+00   5.8659371e+00
   1.9787298e+00   5.8998790e+00
   1.9348866e+00   5.9338208e+00
   1.8910434e+00   5.9677629e+00
   1.8472010e+00   6.0017059e+00
   1.8033586e+00   6.0356488e+00
   1.7595162e+00   6.0695918e+00
   1.7156737e+00   6.1035348e+00
   1.6718332e+00   6.1374802e+00
   1.6279932e+00   6.1714263e+00
   1.5841532e+00   6.2053724e+00
   1.5403133e+00   6.2393185e+00
   1.5317831e+00   6.2531493e+00
   1.5833402e+00   6.2327496e+00
   1.6348376e+00   6.2122162e+00
   1.6844302e+00   6.1874199e+00
   1.7340228e+00   6.1626236e+00
   1.7836154e+00   6.1378273e+00
   1.8332080e+00   6.1130310e+00
   1.8828011e+00   6.0882358e+00
   1.9323947e+00   6.0634413e+00
   1.9819882e+00   6.0386469e+00
   2.0315817e+00   6.0138524e+00
   2.0811752e+00   5.9890579e+00
   2.1307687e+00   5.9642634e+00
   2.1803622e+00   5.9394689e+00
   2.2299557e+00   5.9146744e+00
   2.2795492e+00   5.8898799e+00
   2.3291417e+00   5.8650833e+00
   2.3787338e+00   5.8402861e+00
   2.4283260e+00   5.8154888e+00
   2.4779181e+00   5.7906916e+00
   2.5287295e+00   5.7688714e+00
   2.5814690e+00   5.7517594e+00
   2.6011535e+00   5.7533631e+00
   2.5593463e+00   5.7897835e+00
   2.5175391e+00   5.8262038e+00
   2.4757319e+00   5.8626241e+00
   2.4339247e+00   5.8990445e+00
   2.3921133e+00   5.9354600e+00
   2.3503016e+00   5.9718751e+00
   2.3084899e+00   6.0082903e+00
   2.2666782e+00   6.0447055e+00
   2.2248662e+00   6.0811203e+00
   2.1830540e+00   6.1175349e+00
   2.1412417e+00   6.1539494e+00
   2.0994295e+00   6.1903640e+00
   2.0576173e+00   6.2267786e+00
   2.0158056e+00   6.2631938e+00
   1.9739939e+00   6.2996090e+00
   1.9321822e+00   6.3360241e+00
   1.8903705e+00   6.3724393e+00
   1.8485591e+00   6.4088548e+00
   1.8067479e+00   6.4452705e+00
   1.7649366e+00   6.4816862e+00
   1.7231254e+00   6.5181019e+00
   1.7081711e+00   6.5359602e+00
   1.7570213e+00   6.5097316e+00
   1.8035140e+00   6.4796312e+00
   1.8492408e+00   6.4482729e+00
   1.8949677e+00   6.4169147e+00
   1.9406945e+00   6.3855564e+00
   1.9864221e+00   6.3541993e+00
   2.0321511e+00   6.3228442e+00
   2.0778801e+00   6.2914891e+00
   2.1236091e+00   6.2601340e+00
   2.1693381e+00   6.2287789e+00
   2.2150671e+00   6.1974238e+00
   2.2607961e+00   6.1660687e+00
   2.3065251e+00   6.1347136e+00
   2.3522541e+00   6.1033586e+00
   2.3979831e+00   6.0720035e+00
   2.4437121e+00   6.0406484e+00
   2.4894411e+00   6.0092933e+00
   2.5351701e+00   5.9779382e+00
   2.5808988e+00   5.9465827e+00
   2.6266249e+00   5.9152233e+00
   2.6723510e+00   5.8838640e+00
   2.7180771e+00   5.8525047e+00
   2.7638032e+00   5.8211454e+00
   2.7533521e+00   5.8423816e+00
   2.7190527e+00   5.8859456e+00
   2.6847532e+00   5.9295097e+00
   2.6500364e+00   5.9727323e+00
   2.6141242e+00   6.0149768e+00
   2.5782119e+00   6.0572213e+00
   2.5422997e+00   6.0994657e+00
   2.5063875e+00   6.1417102e+00
   2.4704835e+00   6.1839617e+00
   2.4345810e+00   6.2262145e+00
   2.3986786e+00   6.2684672e+00
   2.3627761e+00   6.3107200e+00
   2.3316442e+00   6.3561390e+00
   2.3066535e+00   6.4056339e+00
   2.3284434e+00   6.4041019e+00
   2.3755863e+00   6.3749157e+00
   2.4227291e+00   6.3457294e+00
   2.4698719e+00   6.3165432e+00
   2.5170155e+00   6.2873581e+00
   2.5641613e+00   6.2581768e+00
   2.6113072e+00   6.2289954e+00
   2.6584531e+00   6.1998141e+00
   2.7055989e+00   6.1706328e+00
   2.7527428e+00   6.1414482e+00
   2.7998863e+00   6.1122630e+00
   2.8470297e+00   6.0830778e+00
   2.8941732e+00   6.0538925e+00
   2.9061445e+00   6.0539837e+00
   2.8688900e+00   6.0950493e+00
   2.8316354e+00   6.1361149e+00
   2.7943809e+00   6.1771805e+00
   2.7567996e+00   6.2179448e+00
   2.7188801e+00   6.2583971e+00
   2.6809605e+00   6.2988495e+00
   2.6430410e+00   6.3393018e+00
   2.6051214e+00   6.3797540e+00
   2.5672004e+00   6.4202050e+00
   2.5292794e+00   6.4606560e+00
   2.4913585e+00   6.5011070e+00
   2.4534375e+00   6.5415580e+00
   2.4155151e+00   6.5820077e+00
   2.3775919e+00   6.6224566e+00
   2.3396687e+00   6.6629056e+00
   2.3017456e+00   6.7033545e+00
   2.2638221e+00   6.7438032e+00
   2.2258978e+00   6.7842510e+00
   2.1879734e+00   6.8246988e+00
   2.1500490e+00   6.8651466e+00
   2.1121247e+00   6.9055944e+00
   2.0742032e+00   6.9460449e+00
   2.0362822e+00   6.9864959e+00
   1.9983613e+00   7.0269469e+00
   1.9604403e+00   7.0673979e+00
   1.9589196e+00   7.0760500e+00
   2.0040979e+00   7.0439064e+00
   2.0492761e+00   7.0117629e+00
   2.0944543e+00   6.9796193e+00
   2.1395577e+00   6.9473713e+00
   2.1845095e+00   6.9149118e+00
   2.2294613e+00   6.8824523e+00
   2.2744131e+00   6.8499928e+00
   2.3193649e+00   6.8175332e+00
   2.3643108e+00   6.7850657e+00
   2.4092563e+00   6.7525974e+00
   2.4542017e+00   6.7201291e+00
   2.4991472e+00   6.6876608e+00
   2.5440964e+00   6.6551977e+00
   2.5890493e+00   6.6227397e+00
   2.6340021e+00   6.5902817e+00
   2.6789550e+00   6.5578237e+00
   2.7239074e+00   6.5253650e+00
   2.7688551e+00   6.4928999e+00
   2.8138029e+00   6.4604348e+00
   2.8587507e+00   6.4279698e+00
   2.9036985e+00   6.3955047e+00
   2.9486474e+00   6.3630413e+00
   2.9935969e+00   6.3305785e+00
   3.0385463e+00   6.2981158e+00
   3.0834958e+00   6.2656530e+00
   3.1069593e+00   6.2546745e+00
   3.0744930e+00   6.2996214e+00
   3.0420266e+00   6.3445682e+00
   3.0095603e+00   6.3895151e+00
   2.9762620e+00   6.4338418e+00
   2.9424570e+00   6.4777906e+00
   2.9086519e+00   6.5217394e+00
   2.8748469e+00   6.5656883e+00
   2.8593825e+00   6.5970577e+00
   2.9125570e+00   6.5813494e+00
   2.9624760e+00   6.5585285e+00
   3.0091184e+00   6.5285490e+00
   3.0557608e+00   6.4985695e+00
   3.1024032e+00   6.4685900e+00
   3.1498145e+00   6.4411756e+00
   3.2028332e+00   6.4417252e+00
   3.1679106e+00   6.4847913e+00
   3.1329879e+00   6.5278575e+00
   3.0980653e+00   6.5709236e+00
   3.0631426e+00   6.6139897e+00
   3.0282220e+00   6.6570575e+00
   2.9933026e+00   6.7001263e+00
   2.9583832e+00   6.7431950e+00
   2.9234638e+00   6.7862638e+00
   2.8885440e+00   6.8293322e+00
   2.8536227e+00   6.8723995e+00
   2.8187014e+00   6.9154667e+00
   2.7837802e+00   6.9585340e+00
   2.7488589e+00   7.0016012e+00
   2.7139417e+00   7.0446718e+00
   2.6790257e+00   7.0877433e+00
   2.6441096e+00   7.1308147e+00
   2.6091935e+00   7.1738862e+00
   2.5742759e+00   7.2169564e+00
   2.5393557e+00   7.2600245e+00
   2.5044355e+00   7.3030927e+00
   2.4695154e+00   7.3461608e+00
   2.4345952e+00   7.3892289e+00
   2.3996694e+00   7.4322925e+00
   2.3647434e+00   7.4753559e+00
   2.3298174e+00   7.5184194e+00
   2.2948914e+00   7.5614828e+00
   2.3029551e+00   7.5595512e+00
   2.3443826e+00   7.5226995e+00
   2.3858101e+00   7.4858479e+00
   2.4272376e+00   7.4489962e+00
   2.4681707e+00   7.4115970e+00
   2.5090437e+00   7.3741313e+00
   2.5499167e+00   7.3366655e+00
   2.5907896e+00   7.2991997e+00
   2.6316633e+00   7.2617347e+00
   2.6725377e+00   7.2242705e+00
   2.7134121e+00   7.1868063e+00
   2.7542864e+00   7.1493421e+00
   2.7951605e+00   7.1118775e+00
   2.8360304e+00   7.0744084e+00
   2.8769002e+00   7.0369392e+00
   2.9177701e+00   6.9994701e+00
   2.9586400e+00   6.9620009e+00
   2.9995121e+00   6.9245343e+00
   3.0403855e+00   6.8870689e+00
   3.0812588e+00   6.8496036e+00
   3.1221322e+00   6.8121382e+00
   3.1630054e+00   6.7746728e+00
   3.2038784e+00   6.7372070e+00
   3.2447514e+00   6.6997413e+00
   3.2856244e+00   6.6622755e+00
   3.3264973e+00   6.6248098e+00
   3.3704514e+00   6.5910787e+00
   3.4150022e+00   6.5580710e+00
   3.4070304e+00   6.5779280e+00
   3.3743126e+00   6.6226922e+00
   3.3415948e+00   6.6674564e+00
   3.3088771e+00   6.7122205e+00
   3.2761617e+00   6.7569864e+00
   3.2434527e+00   6.8017570e+00
   3.2107436e+00   6.8465276e+00
   3.1780346e+00   6.8912981e+00
   3.1453256e+00   6.9360687e+00
   3.1126128e+00   6.9808365e+00
   3.0798993e+00   7.0256038e+00
   3.0471859e+00   7.0703711e+00
   3.0144724e+00   7.1151384e+00
   2.9817571e+00   7.1599044e+00
   2.9490393e+00   7.2046685e+00
   2.9163215e+00   7.2494327e+00
   2.8836037e+00   7.2941969e+00
   2.8537293e+00   7.3360437e+00
   2.8976389e+00   7.3021877e+00
   2.9415485e+00   7.2683317e+00
   2.9854580e+00   7.2344756e+00
   3.0282708e+00   7.1992569e+00
   3.0707270e+00   7.1635952e+00
   3.1131832e+00   7.1279336e+00
   3.1556394e+00   7.0922719e+00
   3.1980943e+00   7.0566087e+00
   3.2405467e+00   7.0209426e+00
   3.2829992e+00   6.9852764e+00
   3.3254516e+00   6.9496103e+00
   3.3679041e+00   6.9139442e+00
   3.4103600e+00   6.8782822e+00
   3.4528162e+00   6.8426206e+00
   3.4952724e+00   6.8069589e+00
   3.5377286e+00   6.7712972e+00
   3.5869669e+00   6.7537007e+00
   3.6056145e+00   6.7749380e+00
   3.5790575e+00   6.8236105e+00
   3.5525004e+00   6.8722829e+00
   3.5259434e+00   6.9209554e+00
   3.4993866e+00   6.9696280e+00
   3.4728377e+00   7.0183048e+00
   3.4462887e+00   7.0669817e+00
   3.4197398e+00   7.1156585e+00
   3.3931908e+00   7.1643354e+00
   3.3666419e+00   7.2130122e+00
   3.3400929e+00   7.2616891e+00
   3.3135440e+00   7.3103659e+00
   3.2869950e+00   7.3590428e+00
   3.2604461e+00   7.4077197e+00
   3.2338971e+00   7.4563965e+00
   3.2073482e+00   7.5050734e+00
   3.1807992e+00   7.5537502e+00
   3.1542503e+00   7.6024271e+00
   3.1327394e+00   7.6534577e+00
   3.1124410e+00   7.7050548e+00
   3.1456141e+00   7.6642880e+00
   3.1802513e+00   7.6209920e+00
   3.2148886e+00   7.5776960e+00
   3.2495258e+00   7.5344000e+00
   3.2841617e+00   7.4911029e+00
   3.3187964e+00   7.4478049e+00
   3.3534312e+00   7.4045069e+00
   3.3880660e+00   7.3612089e+00
   3.4227016e+00   7.3179116e+00
   3.4573422e+00   7.2746183e+00
   3.4919828e+00   7.2313249e+00
   3.5266233e+00   7.1880316e+00
   3.5612639e+00   7.1447382e+00
   3.5959043e+00   7.1014447e+00
   3.6305446e+00   7.0581511e+00
   3.6651849e+00   7.0148576e+00
   3.6998252e+00   6.9715640e+00
   3.7353296e+00   6.9290069e+00
   3.7725808e+00   6.8879382e+00
   3.8098320e+00   6.8468696e+00
   3.8470832e+00   6.8058010e+00
   3.8840787e+00   6.7764296e+00
   3.9195001e+00   6.8190864e+00
   3.9549215e+00   6.8617433e+00
   3.9903429e+00   6.9044001e+00
   3.9880408e+00   6.9511952e+00
   3.9627091e+00   7.0005164e+00
   3.9373774e+00   7.0498377e+00
   3.9120457e+00   7.0991590e+00
   3.8867152e+00   7.1484809e+00
   3.8613888e+00   7.1978049e+00
   3.8360625e+00   7.2471289e+00
   3.8107361e+00   7.2964529e+00
   3.7854098e+00   7.3457770e+00
   3.7600849e+00   7.3951017e+00
   3.7347604e+00   7.4444267e+00
   3.7094359e+00   7.4937517e+00
   3.6841114e+00   7.5430766e+00
   3.6587841e+00   7.5924002e+00
   3.6334523e+00   7.6417214e+00
   3.6081206e+00   7.6910427e+00
   3.5827889e+00   7.7403639e+00
   3.5574572e+00   7.7896852e+00
   3.5321298e+00   7.8390087e+00
   3.5068025e+00   7.8883323e+00
   3.4814753e+00   7.9376558e+00
   3.4561480e+00   7.9869794e+00
   3.4694751e+00   7.9882589e+00
   3.5047441e+00   7.9460572e+00
   3.5364463e+00   7.9005681e+00
   3.5681485e+00   7.8550791e+00
   3.5998507e+00   7.8095901e+00
   3.6315532e+00   7.7641012e+00
   3.6632565e+00   7.7186129e+00
   3.6949598e+00   7.6731246e+00
   3.7266630e+00   7.6276363e+00
   3.7583663e+00   7.5821480e+00
   3.7900709e+00   7.5366606e+00
   3.8217757e+00   7.4911734e+00
   3.8534805e+00   7.4456862e+00
   3.8851853e+00   7.4001989e+00
   3.9168890e+00   7.3547109e+00
   3.9485912e+00   7.3092219e+00
   3.9802934e+00   7.2637328e+00
   4.0119956e+00   7.2182438e+00
   4.0437529e+00   7.1727946e+00
   4.0770444e+00   7.1284554e+00
   4.1103358e+00   7.0841163e+00
   4.1436273e+00   7.0397771e+00
   4.1450763e+00   7.0532740e+00
   4.1254135e+00   7.1051166e+00
   4.1057506e+00   7.1569592e+00
   4.0860877e+00   7.2088018e+00
   4.0664243e+00   7.2606442e+00
   4.0467587e+00   7.3124857e+00
   4.0270931e+00   7.3643273e+00
   4.0074275e+00   7.4161688e+00
   3.9877619e+00   7.4680104e+00
   3.9680967e+00   7.5198521e+00
   3.9484316e+00   7.5716938e+00
   3.9287664e+00   7.6235356e+00
   3.9091013e+00   7.6753773e+00
   3.8894368e+00   7.7272193e+00
   3.8697731e+00   7.7790616e+00
   3.8501095e+00   7.8309039e+00
   3.8304459e+00   7.8827462e+00
   3.8107823e+00   7.9345885e+00
   3.8395995e+00   7.8925980e+00
   3.8705056e+00   7.8465643e+00
   3.9014118e+00   7.8005307e+00
   3.9315671e+00   7.7540089e+00
   3.9611072e+00   7.7070870e+00
   3.9906473e+00   7.6601651e+00
   4.0201875e+00   7.6132432e+00
   4.0497282e+00   7.5663217e+00
   4.0792724e+00   7.5194024e+00
   4.1088166e+00   7.4724831e+00
   4.1383608e+00   7.4255637e+00
   4.1679051e+00   7.3786444e+00
   4.1974463e+00   7.3317232e+00
   4.2269864e+00   7.2848014e+00
   4.2565266e+00   7.2378795e+00
   4.2860667e+00   7.1909576e+00
   4.3159892e+00   7.1735766e+00
   4.3129211e+00   7.2242430e+00
   4.2953902e+00   7.2768448e+00
   4.2778593e+00   7.3294466e+00
   4.2603284e+00   7.3820484e+00
   4.2427963e+00   7.4346498e+00
   4.2252613e+00   7.4872503e+00
   4.2077263e+00   7.5398507e+00
   4.1901913e+00   7.5924512e+00
   4.1726563e+00   7.6450516e+00
   4.1561366e+00   7.6979782e+00
   4.1397570e+00   7.7509498e+00
   4.1233773e+00   7.8039214e+00
   4.1174738e+00   7.8330470e+00
   4.1454076e+00   7.7851514e+00
   4.1733414e+00   7.7372559e+00
   4.2012752e+00   7.6893603e+00
   4.2292090e+00   7.6414647e+00
   4.2571478e+00   7.5935721e+00
   4.2850877e+00   7.5456800e+00
   4.3130275e+00   7.4977880e+00
   4.3409674e+00   7.4498959e+00
   4.3689072e+00   7.4020039e+00
   4.3968471e+00   7.3541119e+00
   4.4247869e+00   7.3062198e+00
   4.4527268e+00   7.2583278e+00
   4.4807291e+00   7.2104859e+00
   4.5214436e+00   7.1728479e+00
   4.5621580e+00   7.1352099e+00
   4.6028724e+00   7.0975719e+00
   4.6420242e+00   7.0671623e+00
   4.6635576e+00   7.1182563e+00
   4.6850910e+00   7.1693503e+00
   4.7008137e+00   7.2210149e+00
   4.6896295e+00   7.2753214e+00
   4.6784454e+00   7.3296279e+00
   4.6672612e+00   7.3839344e+00
   4.6560771e+00   7.4382409e+00
   4.6448979e+00   7.4925485e+00
   4.6337203e+00   7.5468563e+00
   4.6225427e+00   7.6011642e+00
   4.6113650e+00   7.6554721e+00
   4.6001838e+00   7.7097792e+00
   4.5889962e+00   7.7640850e+00
   4.5778085e+00   7.8183908e+00
   4.5666208e+00   7.8726966e+00
   4.5554331e+00   7.9270024e+00
   4.5442554e+00   7.9813102e+00
   4.5330782e+00   8.0356181e+00
   4.5219010e+00   8.0899261e+00
   4.5107238e+00   8.1442340e+00
   4.5197762e+00   8.1434310e+00
   4.5463888e+00   8.0947890e+00
   4.5730014e+00   8.0461469e+00
   4.5988632e+00   7.9971677e+00
   4.6175272e+00   7.9449572e+00
   4.6361912e+00   7.8927467e+00
   4.6548552e+00   7.8405362e+00
   4.6735192e+00   7.7883257e+00
   4.6899876e+00   7.7354032e+00
   4.7055121e+00   7.6821747e+00
   4.7210367e+00   7.6289463e+00
   4.7365613e+00   7.5757178e+00
   4.7520857e+00   7.5224893e+00
   4.7676097e+00   7.4692606e+00
   4.7831337e+00   7.4160320e+00
   4.7986577e+00   7.3628033e+00
   4.8141817e+00   7.3095747e+00
   4.8392473e+00   7.2602669e+00
   4.8656343e+00   7.2115020e+00
   4.8805521e+00   7.2268505e+00
   4.8883965e+00   7.2817390e+00
   4.8962410e+00   7.3366275e+00
   4.9040854e+00   7.3915160e+00
   4.9119285e+00   7.4464047e+00
   4.9197663e+00   7.5012942e+00
   4.9276041e+00   7.5561836e+00
   4.9354419e+00   7.6110731e+00
   4.9432797e+00   7.6659625e+00
   4.9678305e+00   7.7148635e+00
   4.9882922e+00   7.7161506e+00
   4.9986607e+00   7.6616825e+00
   5.0090293e+00   7.6072144e+00
   5.0193978e+00   7.5527463e+00
   5.0297666e+00   7.4982782e+00
   5.0401435e+00   7.4438116e+00
   5.0505203e+00   7.3893451e+00
   5.0608972e+00   7.3348786e+00
   5.0712740e+00   7.2804120e+00
   5.0960868e+00   7.2474772e+00
   5.0942346e+00   7.3028924e+00
   5.0923824e+00   7.3583077e+00
   5.0905301e+00   7.4137230e+00
   5.0886779e+00   7.4691383e+00
   5.0868319e+00   7.5245537e+00
   5.0849885e+00   7.5799693e+00
   5.0831451e+00   7.6353849e+00
   5.0813017e+00   7.6908004e+00
   5.0794557e+00   7.7462159e+00
   5.0776035e+00   7.8016312e+00
   5.0757513e+00   7.8570465e+00
   5.0738992e+00   7.9124617e+00
   5.0720470e+00   7.9678770e+00
   5.0797405e+00   8.0226762e+00
   5.0894360e+00   8.0066746e+00
   5.0995318e+00   7.9521553e+00
   5.1096276e+00   7.8976360e+00
   5.1197235e+00   7.8431167e+00
   5.1298198e+00   7.7885974e+00
   5.1399178e+00   7.7340785e+00
   5.1500159e+00   7.6795596e+00
   5.1601139e+00   7.6250407e+00
   5.1702119e+00   7.5705217e+00
   5.1803085e+00   7.5160025e+00
   5.1904047e+00   7.4614833e+00
   5.2005010e+00   7.4069640e+00
   5.2105972e+00   7.3524448e+00
   5.2244534e+00   7.3421825e+00
   5.2394652e+00   7.3950333e+00
   5.2415124e+00   7.4504417e+00
   5.2435596e+00   7.5058501e+00
   5.2456068e+00   7.5612585e+00
   5.2476541e+00   7.6166670e+00
   5.2497088e+00   7.6720751e+00
   5.2517651e+00   7.7274832e+00
   5.2538213e+00   7.7828912e+00
   5.2558776e+00   7.8382993e+00
   5.2579302e+00   7.8937075e+00
   5.2599776e+00   7.9491159e+00
   5.2620251e+00   8.0045243e+00
   5.2640725e+00   8.0599327e+00
   5.2662267e+00   8.1142735e+00
   5.2792032e+00   8.0603672e+00
   5.2921796e+00   8.0064608e+00
   5.3051561e+00   7.9525545e+00
   5.3180126e+00   7.8986204e+00
   5.3300361e+00   7.8444935e+00
   5.3420595e+00   7.7903666e+00
   5.3540829e+00   7.7362397e+00
   5.3661063e+00   7.6821128e+00
   5.3781359e+00   7.6279873e+00
   5.3901679e+00   7.5738623e+00
   5.4022000e+00   7.5197373e+00
   5.4142320e+00   7.4656124e+00
   5.4274790e+00   7.4118053e+00
   5.4435007e+00   7.3587244e+00
   5.4595223e+00   7.3056434e+00
   5.4715511e+00   7.2900532e+00
   5.4760337e+00   7.3453180e+00
   5.4805163e+00   7.4005827e+00
   5.4849988e+00   7.4558474e+00
   5.4894814e+00   7.5111121e+00
   5.4939615e+00   7.5663771e+00
   5.4984415e+00   7.6216420e+00
   5.5029215e+00   7.6769069e+00
   5.5074014e+00   7.7321719e+00
   5.5118828e+00   7.7874367e+00
   5.5163653e+00   7.8427014e+00
   5.5208479e+00   7.8979661e+00
   5.5253305e+00   7.9532308e+00
   5.5298130e+00   8.0084956e+00
   5.5342952e+00   8.0637603e+00
   5.5387775e+00   8.1190251e+00
   5.5432597e+00   8.1742898e+00
   5.5477419e+00   8.2295546e+00
   5.5529523e+00   8.2847534e+00
   5.5584694e+00   8.3399244e+00
   5.5639865e+00   8.3950955e+00
   5.5688614e+00   8.4221440e+00
   5.5718541e+00   8.3667786e+00
   5.5748469e+00   8.3114132e+00
   5.5778396e+00   8.2560478e+00
   5.5808323e+00   8.2006824e+00
   5.5838250e+00   8.1453171e+00
   5.5868177e+00   8.0899517e+00
   5.5898105e+00   8.0345863e+00
   5.5928032e+00   7.9792209e+00
   5.5957959e+00   7.9238555e+00
   5.5987886e+00   7.8684901e+00
   5.6017814e+00   7.8131247e+00
   5.6047741e+00   7.7577593e+00
   5.6077668e+00   7.7023939e+00
   5.6107595e+00   7.6470285e+00
   5.6137523e+00   7.5916631e+00
   5.6167450e+00   7.5362977e+00
   5.6197377e+00   7.4809324e+00
   5.6235596e+00   7.4256220e+00
   5.6279080e+00   7.3703465e+00
   5.6322563e+00   7.3150711e+00
   5.6366047e+00   7.2597956e+00
   5.6502102e+00   7.2802621e+00
   5.6677431e+00   7.3328632e+00
   5.6852761e+00   7.3854644e+00
   5.7028090e+00   7.4380655e+00
   5.7203426e+00   7.4906664e+00
   5.7378776e+00   7.5432669e+00
   5.7554126e+00   7.5958673e+00
   5.7729476e+00   7.6484678e+00
   5.7904826e+00   7.7010682e+00
   5.8084890e+00   7.7535088e+00
   5.8265592e+00   7.8059278e+00
   5.8446293e+00   7.8583468e+00
   5.8626995e+00   7.9107659e+00
   5.8613132e+00   7.8734392e+00
   5.8560530e+00   7.8182430e+00
   5.8507928e+00   7.7630469e+00
   5.8455325e+00   7.7078508e+00
   5.8402753e+00   7.6526543e+00
   5.8350223e+00   7.5974575e+00
   5.8297692e+00   7.5422607e+00
   5.8245162e+00   7.4870639e+00
   5.8192956e+00   7.4318647e+00
   5.8165908e+00   7.3764845e+00
   5.8138860e+00   7.3211043e+00
   5.8121780e+00   7.2716992e+00
   5.8275958e+00   7.3249587e+00
   5.8430136e+00   7.3782182e+00
   5.8584314e+00   7.4314777e+00
   5.8738492e+00   7.4847372e+00
   5.8892659e+00   7.5379971e+00
   5.9046819e+00   7.5912571e+00
   5.9200979e+00   7.6445171e+00
   5.9355139e+00   7.6977771e+00
   5.9509303e+00   7.7510370e+00
   5.9663481e+00   7.8042965e+00
   5.9817660e+00   7.8575560e+00
   5.9971838e+00   7.9108155e+00
   6.0126016e+00   7.9640750e+00
   6.0280194e+00   8.0173345e+00
   6.0434372e+00   8.0705940e+00
   6.0588551e+00   8.1238535e+00
   6.0742729e+00   8.1771130e+00
   6.0896907e+00   8.2303725e+00
   6.1051085e+00   8.2836320e+00
   6.1205263e+00   8.3368915e+00
   6.1359442e+00   8.3901510e+00
   6.1513262e+00   8.4431851e+00
   6.1494831e+00   8.3877695e+00
   6.1476400e+00   8.3323539e+00
   6.1435769e+00   8.2770919e+00
   6.1377732e+00   8.2219502e+00
   6.1319696e+00   8.1668086e+00
   6.1261659e+00   8.1116670e+00
   6.1203621e+00   8.0565253e+00
   6.1145578e+00   8.0013838e+00
   6.1087534e+00   7.9462422e+00
   6.1029490e+00   7.8911006e+00
   6.0971446e+00   7.8359591e+00
   6.0913403e+00   7.7808175e+00
   6.0855359e+00   7.7256759e+00
   6.0797315e+00   7.6705344e+00
   6.0739271e+00   7.6153928e+00
   6.0681231e+00   7.5602512e+00
   6.0623196e+00   7.5051095e+00
   6.0565162e+00   7.4499679e+00
   6.0507128e+00   7.3948262e+00
   6.0449093e+00   7.3396845e+00
   6.0690870e+00   7.3786972e+00
   6.0820327e+00   7.4326110e+00
   6.0949783e+00   7.4865247e+00
   6.1079240e+00   7.5404385e+00
   6.1208696e+00   7.5943522e+00
   6.1338098e+00   7.6482673e+00
   6.1467490e+00   7.7021826e+00
   6.1596882e+00   7.7560979e+00
   6.1726274e+00   7.8100132e+00
   6.1858991e+00   7.8638463e+00
   6.1995844e+00   7.9175771e+00
   6.2132696e+00   7.9713079e+00
   6.2269548e+00   8.0250386e+00
   6.2315914e+00   8.0160059e+00
   6.2295419e+00   7.9605975e+00
   6.2274924e+00   7.9051892e+00
   6.2254430e+00   7.8497809e+00
   6.2233927e+00   7.7943726e+00
   6.2213385e+00   7.7389644e+00
   6.2192842e+00   7.6835563e+00
   6.2172300e+00   7.6281481e+00
   6.2151757e+00   7.5727400e+00
   6.2131251e+00   7.5173317e+00
   6.2110756e+00   7.4619234e+00
   6.2090261e+00   7.4065150e+00
   6.2069766e+00   7.3511067e+00
   6.2100803e+00   7.2962135e+00
   6.2228892e+00   7.2646718e+00
   6.2350550e+00   7.3187669e+00
   6.2472207e+00   7.3728620e+00
   6.2593864e+00   7.4269571e+00
   6.2715521e+00   7.4810522e+00
   6.2837263e+00   7.5351454e+00
   6.2959026e+00   7.5892381e+00
   6.3080789e+00   7.6433308e+00
   6.3202552e+00   7.6974235e+00
   6.3324282e+00   7.7515169e+00
   6.3445961e+00   7.8056115e+00
   6.3567640e+00   7.8597061e+00
   6.3689319e+00   7.9138007e+00
   6.3810998e+00   7.9678953e+00
   6.3932740e+00   8.0219885e+00
   6.4054483e+00   8.0760816e+00
   6.4176227e+00   8.1301748e+00
   6.4297970e+00   8.1842679e+00
   6.4419686e+00   8.2383617e+00
   6.4541379e+00   8.2924560e+00
   6.4663073e+00   8.3465502e+00
   6.4784766e+00   8.4006445e+00
   6.4885308e+00   8.4378562e+00
   6.4869790e+00   8.3824317e+00
   6.4854273e+00   8.3270072e+00
   6.4822556e+00   8.2716692e+00
   6.4778935e+00   8.2163948e+00
   6.4735314e+00   8.1611205e+00
   6.4691694e+00   8.1058461e+00
   6.4648076e+00   8.0505717e+00
   6.4604478e+00   7.9952972e+00
   6.4560879e+00   7.9400227e+00
   6.4517281e+00   7.8847481e+00
   6.4473683e+00   7.8294736e+00
   6.4430016e+00   7.7741996e+00
   6.4386328e+00   7.7189257e+00
   6.4342639e+00   7.6636519e+00
   6.4298951e+00   7.6083781e+00
   6.4255293e+00   7.5531040e+00
   6.4211695e+00   7.4978295e+00
   6.4168096e+00   7.4425549e+00
   6.4124498e+00   7.3872804e+00
   6.4080899e+00   7.3320058e+00
   6.4454578e+00   7.2928212e+00
   6.4857984e+00   7.2547827e+00
   6.5261389e+00   7.2167443e+00
   6.5534558e+00   7.2319301e+00
   6.5716745e+00   7.2842976e+00
   6.5898932e+00   7.3366652e+00
   6.6081119e+00   7.3890328e+00
   6.6229160e+00   7.4423812e+00
   6.6352662e+00   7.4964344e+00
   6.6476164e+00   7.5504877e+00
   6.6599665e+00   7.6045410e+00
   6.6723178e+00   7.6585940e+00
   6.6846745e+00   7.7126458e+00
   6.6970311e+00   7.7666976e+00
   6.7093877e+00   7.8207494e+00
   6.7217444e+00   7.8748012e+00
   6.7341010e+00   7.9288530e+00
   6.7464577e+00   7.9829048e+00
   6.7588143e+00   8.0369566e+00
   6.7711709e+00   8.0910084e+00
   6.7835522e+00   8.1450545e+00
   6.7959792e+00   8.1990902e+00
   6.8084062e+00   8.2531258e+00
   6.8208332e+00   8.3071615e+00
   6.8332602e+00   8.3611971e+00
   6.8317631e+00   8.3061225e+00
   6.8302212e+00   8.2506978e+00
   6.8286794e+00   8.1952730e+00
   6.8271376e+00   8.1398482e+00
   6.8255958e+00   8.0844234e+00
   6.8240541e+00   8.0289987e+00
   6.8225123e+00   7.9735739e+00
   6.8209706e+00   7.9181491e+00
   6.8194301e+00   7.8627243e+00
   6.8178953e+00   7.8072993e+00
   6.8163604e+00   7.7518743e+00
   6.8148255e+00   7.6964494e+00
   6.8132907e+00   7.6410244e+00
   6.8117506e+00   7.5855996e+00
   6.8102090e+00   7.5301748e+00
   6.8086673e+00   7.4747500e+00
   6.8071257e+00   7.4193252e+00
   6.8062729e+00   7.3638934e+00
   6.8066764e+00   7.3084486e+00
   6.8070800e+00   7.2530039e+00
   6.8074835e+00   7.1975591e+00
   6.8213433e+00   7.2269918e+00
   6.8388763e+00   7.2795929e+00
   6.8564092e+00   7.3321940e+00
   6.8739422e+00   7.3847951e+00
   6.8914751e+00   7.4373963e+00
   6.9090081e+00   7.4899974e+00
   6.9265410e+00   7.5425985e+00
   6.9440740e+00   7.5951996e+00
   6.9616070e+00   7.6478008e+00
   7.0066285e+00   7.6300777e+00
   7.0094035e+00   7.5747010e+00
   7.0121784e+00   7.5193242e+00
   7.0149534e+00   7.4639475e+00
   7.0177283e+00   7.4085708e+00
   7.0204968e+00   7.3531937e+00
   7.0232630e+00   7.2978165e+00
   7.0260291e+00   7.2424394e+00
   7.0287952e+00   7.1870622e+00
   7.0338827e+00   7.1671060e+00
   7.0438524e+00   7.2216485e+00
   7.0538222e+00   7.2761911e+00
   7.0609526e+00   7.3311598e+00
   7.0674371e+00   7.3862256e+00
   7.0739215e+00   7.4412913e+00
   7.0804060e+00   7.4963570e+00
   7.0868869e+00   7.5514232e+00
   7.0933627e+00   7.6064899e+00
   7.0998385e+00   7.6615567e+00
   7.1063143e+00   7.7166234e+00
   7.1127900e+00   7.7716902e+00
   7.1192670e+00   7.8267568e+00
   7.1257439e+00   7.8818234e+00
   7.1322209e+00   7.9368900e+00
   7.1386979e+00   7.9919566e+00
   7.1457418e+00   8.0469515e+00
   7.1531916e+00   8.1018949e+00
   7.1606414e+00   8.1568384e+00
   7.1666700e+00   8.1907222e+00
   7.1666700e+00   8.1352760e+00
   7.1666700e+00   8.0798298e+00
   7.1666700e+00   8.0243836e+00
   7.1666700e+00   7.9689374e+00
   7.1666700e+00   7.9134911e+00
   7.1666700e+00   7.8580449e+00
   7.1666700e+00   7.8025987e+00
   7.1666700e+00   7.7471525e+00
   7.1666700e+00   7.6917063e+00
   7.1666700e+00   7.6362601e+00
   7.1666700e+00   7.5808138e+00
   7.1666700e+00   7.5253676e+00
   7.1666700e+00   7.4699214e+00
   7.1666700e+00   7.4144752e+00
   7.1666700e+00   7.3590290e+00
   7.1666700e+00   7.3035828e+00
   7.1666700e+00   7.2481365e+00
   7.1688144e+00   7.1927660e+00
   7.1727244e+00   7.1374578e+00
   7.1766344e+00   7.0821497e+00
   7.1805443e+00   7.0268415e+00
   7.2011991e+00   6.9922749e+00
   7.2560883e+00   7.0001143e+00
   7.3109776e+00   7.0079536e+00
   7.3427214e+00   7.0376977e+00
   7.3475280e+00   7.0929352e+00
   7.3523346e+00   7.1481727e+00
   7.3571412e+00   7.2034102e+00
   7.3619474e+00   7.2586477e+00
   7.3667473e+00   7.3138858e+00
   7.3715472e+00   7.3691238e+00
   7.3763470e+00   7.4243619e+00
   7.3811469e+00   7.4796000e+00
   7.3888343e+00   7.5344675e+00
   7.3981389e+00   7.5891274e+00
   7.4074435e+00   7.6437873e+00
   7.4174489e+00   7.6020173e+00
   7.4275469e+00   7.5474984e+00
   7.4376449e+00   7.4929795e+00
   7.4477430e+00   7.4384605e+00
   7.4578399e+00   7.3839414e+00
   7.4679358e+00   7.3294221e+00
   7.4780316e+00   7.2749028e+00
   7.4881275e+00   7.2203834e+00
   7.4982233e+00   7.1658641e+00
   7.5083196e+00   7.1113449e+00
   7.5184158e+00   7.0568256e+00
   7.5285120e+00   7.0023063e+00
   7.5386083e+00   6.9477871e+00
   7.5732862e+00   6.9105240e+00
   7.5892829e+00   6.9489462e+00
   7.5974059e+00   7.0037941e+00
   7.6055289e+00   7.0586421e+00
   7.6136520e+00   7.1134901e+00
   7.6217754e+00   7.1683380e+00
   7.6298994e+00   7.2231858e+00
   7.6380234e+00   7.2780336e+00
   7.6461474e+00   7.3328814e+00
   7.6542714e+00   7.3877293e+00
   7.6623966e+00   7.4425769e+00
   7.6705219e+00   7.4974245e+00
   7.6786471e+00   7.5522722e+00
   7.6867723e+00   7.6071198e+00
   7.6929872e+00   7.5992688e+00
   7.6977581e+00   7.5440282e+00
   7.7000000e+00   7.4886786e+00
   7.7000000e+00   7.4332324e+00
   7.7000000e+00   7.3777862e+00
   7.7000000e+00   7.3223399e+00
   7.7000000e+00   7.2668937e+00
   7.7000000e+00   7.2114475e+00
   7.7000000e+00   7.1560013e+00
   7.7000000e+00   7.1005551e+00
   7.7000000e+00   7.0451088e+00
   7.7036991e+00   6.9898371e+00
   7.7089170e+00   6.9346369e+00
   7.7141348e+00   6.8794368e+00
   7.7306257e+00   6.9181164e+00
   7.7487635e+00   6.9705120e+00
   7.7669013e+00   7.0229076e+00
   7.7850391e+00   7.0753033e+00
   7.8031769e+00   7.1276989e+00
   7.8213148e+00   7.1800945e+00
   7.8394526e+00   7.2324902e+00
   7.8575904e+00   7.2848858e+00
   7.8757282e+00   7.3372814e+00
   7.8938661e+00   7.3896771e+00
   7.9120039e+00   7.4420727e+00
   7.9301417e+00   7.4944683e+00
   7.9482795e+00   7.5468640e+00
   7.9822062e+00   7.5882856e+00
   7.9785044e+00   7.5403023e+00
   7.9709254e+00   7.4853765e+00
   7.9633464e+00   7.4304507e+00
   7.9557673e+00   7.3755249e+00
   7.9481916e+00   7.3205987e+00
   7.9406189e+00   7.2656720e+00
   7.9330463e+00   7.2107454e+00
   7.9254736e+00   7.1558187e+00
   7.9179001e+00   7.1008922e+00
   7.9103189e+00   7.0459667e+00
   7.9027376e+00   6.9910412e+00
   7.8951564e+00   6.9361158e+00
   7.8875751e+00   6.8811903e+00
   7.9003424e+00   6.8290132e+00
   7.9222234e+00   6.7780671e+00
   7.9441043e+00   6.7271210e+00
   7.9685073e+00   6.6836171e+00
   8.0168530e+00   6.7107646e+00
   8.0651986e+00   6.7379120e+00
   8.1013766e+00   6.7742583e+00
   8.1143159e+00   6.8281736e+00
   8.1272551e+00   6.8820889e+00
   8.1401943e+00   6.9360042e+00
   8.1531335e+00   6.9899195e+00
   8.1660727e+00   7.0438348e+00
   8.1790120e+00   7.0977501e+00
   8.1919512e+00   7.1516654e+00
   8.2048904e+00   7.2055807e+00
   8.2179209e+00   7.2594740e+00
   8.2310347e+00   7.3133470e+00
   8.2441486e+00   7.3672201e+00
   8.2572625e+00   7.4210932e+00
   8.2637755e+00   7.4380242e+00
   8.2574211e+00   7.3829433e+00
   8.2510668e+00   7.3278624e+00
   8.2447124e+00   7.2727815e+00
   8.2383581e+00   7.2177006e+00
   8.2320028e+00   7.1626198e+00
   8.2256474e+00   7.1075390e+00
   8.2192920e+00   7.0524583e+00
   8.2129366e+00   6.9973775e+00
   8.2065800e+00   6.9422968e+00
   8.2002224e+00   6.8872163e+00
   8.1938648e+00   6.8321358e+00
   8.1875072e+00   6.7770553e+00
   8.1838358e+00   6.7222849e+00
   8.2025762e+00   6.6701017e+00
   8.2213165e+00   6.6179186e+00
   8.2400569e+00   6.5657354e+00
   8.2644087e+00   6.5351579e+00
   8.3061737e+00   6.5716266e+00
   8.3455285e+00   6.6093137e+00
   8.3501304e+00   6.6645686e+00
   8.3547323e+00   6.7198235e+00
   8.3593343e+00   6.7750784e+00
   8.3639362e+00   6.8303333e+00
   8.3685386e+00   6.8855882e+00
   8.3731413e+00   6.9408431e+00
   8.3777440e+00   6.9960979e+00
   8.3823467e+00   7.0513528e+00
   8.3888142e+00   7.1063198e+00
   8.4010853e+00   7.1603911e+00
   8.4102933e+00   7.1634935e+00
   8.4160005e+00   7.1083417e+00
   8.4217077e+00   7.0531900e+00
   8.4274150e+00   6.9980383e+00
   8.4331221e+00   6.9428866e+00
   8.4388284e+00   6.8877348e+00
   8.4445347e+00   6.8325830e+00
   8.4502410e+00   6.7774312e+00
   8.4559473e+00   6.7222794e+00
   8.4616523e+00   6.6671275e+00
   8.4673566e+00   6.6119755e+00
   8.4730609e+00   6.5568235e+00
   8.4787652e+00   6.5016715e+00
   8.4874736e+00   6.4471963e+00
   8.5059717e+00   6.3949268e+00
   8.5182895e+00   6.4105769e+00
   8.5270495e+00   6.4653268e+00
   8.5358095e+00   6.5200766e+00
   8.5445694e+00   6.5748265e+00
   8.5533292e+00   6.6295763e+00
   8.5620880e+00   6.6843264e+00
   8.5708468e+00   6.7390764e+00
   8.5796056e+00   6.7938264e+00
   8.5883645e+00   6.8485765e+00
   8.5971224e+00   6.9033266e+00
   8.6058802e+00   6.9580768e+00
   8.6146379e+00   7.0128270e+00
   8.6233957e+00   7.0675772e+00
   8.6308544e+00   7.0781037e+00
   8.6363833e+00   7.0229338e+00
   8.6419123e+00   6.9677640e+00
   8.6473449e+00   6.9125862e+00
   8.6509109e+00   6.8572548e+00
   8.6544770e+00   6.8019233e+00
   8.6580430e+00   6.7465919e+00
   8.6616091e+00   6.6912605e+00
   8.6651812e+00   6.6359295e+00
   8.6687569e+00   6.5805987e+00
   8.6723325e+00   6.5252679e+00
   8.6759082e+00   6.4699371e+00
   8.6794817e+00   6.4146061e+00
   8.6830477e+00   6.3592747e+00
   8.6866137e+00   6.3039433e+00
   8.6901798e+00   6.2486118e+00
   8.6937458e+00   6.1932804e+00
   8.7213473e+00   6.2195119e+00
   8.7478527e+00   6.2672479e+00
   8.7628068e+00   6.3206395e+00
   8.7777610e+00   6.3740310e+00
   8.7927151e+00   6.4274225e+00
   8.8076693e+00   6.4808141e+00
   8.8226195e+00   6.5342067e+00
   8.8375694e+00   6.5875994e+00
   8.8525194e+00   6.6409921e+00
   8.8674694e+00   6.6943849e+00
   8.8833180e+00   6.7475107e+00
   8.8999370e+00   6.8004076e+00
   8.9165561e+00   6.8533046e+00
   8.9323443e+00   6.9013456e+00
   8.9304330e+00   6.8459323e+00
   8.9285216e+00   6.7905191e+00
   8.9266103e+00   6.7351058e+00
   8.9246989e+00   6.6796925e+00
   8.9227919e+00   6.6242791e+00
   8.9208873e+00   6.5688656e+00
   8.9189828e+00   6.5134521e+00
   8.9170782e+00   6.4580386e+00
   8.9151722e+00   6.4026252e+00
   8.9132611e+00   6.3472119e+00
   8.9113499e+00   6.2917986e+00
   8.9094388e+00   6.2363854e+00
   8.9075277e+00   6.1809721e+00
   8.9081626e+00   6.1255430e+00
   8.9093837e+00   6.0701102e+00
   8.9106048e+00   6.0146774e+00
   8.9225643e+00   6.0351950e+00
   8.9391052e+00   6.0881165e+00
   8.9556461e+00   6.1410380e+00
   8.9721871e+00   6.1939594e+00
   8.9887266e+00   6.2468813e+00
   9.0052628e+00   6.2998043e+00
   9.0217989e+00   6.3527272e+00
   9.0383351e+00   6.4056502e+00
   9.0548712e+00   6.4585731e+00
   9.0595150e+00   6.4162975e+00
   9.0625236e+00   6.3609330e+00
   9.0655322e+00   6.3055684e+00
   9.0666700e+00   6.2501531e+00
   9.0666700e+00   6.1947069e+00
   9.0666700e+00   6.1392607e+00
   9.0666700e+00   6.0838144e+00
   9.0674932e+00   6.0283972e+00
   9.0713936e+00   5.9730884e+00
   9.0752941e+00   5.9177795e+00
   9.0791945e+00   5.8624706e+00
   9.0830949e+00   5.8071618e+00
   9.1087737e+00   5.7588180e+00
   9.1376920e+00   5.7115104e+00
   9.1666102e+00   5.6642027e+00
   9.1955285e+00   5.6168950e+00
   9.2114317e+00   5.6477259e+00
   9.2234546e+00   5.7018529e+00
   9.2354775e+00   5.7559799e+00
   9.2475005e+00   5.8101069e+00
   9.2595267e+00   5.8642331e+00
   9.2715587e+00   5.9183581e+00
   9.2835908e+00   5.9724831e+00
   9.2956228e+00   6.0266081e+00
   9.3076549e+00   6.0807330e+00
   9.3333300e+00   6.0445423e+00
   9.3333300e+00   5.9890961e+00
   9.3333300e+00   5.9336499e+00
   9.3333300e+00   5.8782037e+00
   9.3333300e+00   5.8227575e+00
   9.3333300e+00   5.7673112e+00
   9.3333300e+00   5.7118650e+00
   9.3333300e+00   5.6564188e+00
   9.3333300e+00   5.6009726e+00
   9.3659403e+00   5.5757615e+00
   9.4116785e+00   5.5902921e+00
   9.4407354e+00   5.6375148e+00
   9.4697922e+00   5.6847375e+00
   9.4988490e+00   5.7319602e+00
   9.5279058e+00   5.7791829e+00
   9.5816786e+00   5.7881624e+00
   9.5729030e+00   5.7337980e+00
   9.5637877e+00   5.6791062e+00
   9.5546724e+00   5.6244144e+00
   9.5455571e+00   5.5697226e+00
   9.5364424e+00   5.5150307e+00
   9.5273282e+00   5.4603387e+00
   9.5182140e+00   5.4056467e+00
   9.5090998e+00   5.3509547e+00
   9.5055255e+00   5.3145594e+00
   9.5282800e+00   5.3651214e+00
   9.5510345e+00   5.4156834e+00
   9.5737890e+00   5.4662454e+00
   9.5964882e+00   5.5168319e+00
   9.6187063e+00   5.5676319e+00
   9.6409244e+00   5.6184319e+00
   9.6631424e+00   5.6692319e+00
   9.6853605e+00   5.7200319e+00
   9.7037518e+00   5.6990719e+00
   9.6977997e+00   5.6448858e+00
   9.6873259e+00   5.5904379e+00
   9.6768521e+00   5.5359899e+00
   9.6663783e+00   5.4815419e+00
   9.6559075e+00   5.4270934e+00
   9.6454407e+00   5.3726440e+00
   9.6349739e+00   5.3181947e+00
   9.6245072e+00   5.2637454e+00
   9.6140404e+00   5.2092960e+00
   9.6035665e+00   5.1548481e+00
   9.5930927e+00   5.1004001e+00
   9.5826189e+00   5.0459521e+00
   9.5721451e+00   4.9915041e+00
   9.5790625e+00   5.0012450e+00
   9.5975075e+00   5.0535333e+00
   9.6159526e+00   5.1058216e+00
   9.6343977e+00   5.1581098e+00
   9.6527410e+00   5.2104337e+00
   9.6709546e+00   5.2628031e+00
   9.6891682e+00   5.3151724e+00
   9.7073819e+00   5.3675417e+00
   9.7255955e+00   5.4199110e+00
   9.7438093e+00   5.4722803e+00
   9.7620230e+00   5.5246496e+00
   9.7802367e+00   5.5770189e+00
   9.7984505e+00   5.6293882e+00
   9.8167953e+00   5.6170284e+00
   9.8333300e+00   5.5644099e+00
   9.8333300e+00   5.5089637e+00
   9.8333300e+00   5.4535174e+00
   9.8333300e+00   5.3980712e+00
   9.8333300e+00   5.3426250e+00
   9.8333300e+00   5.2871788e+00
   9.8333300e+00   5.2317326e+00
   9.8333300e+00   5.1762864e+00
   9.8333300e+00   5.1208401e+00
   9.8333300e+00   5.0653939e+00
   9.8333300e+00   5.0099477e+00
   9.8333300e+00   4.9545015e+00
   9.8333300e+00   4.8990553e+00
   9.8333300e+00   4.8436091e+00
   9.8336600e+00   4.7881640e+00
   9.8340392e+00   4.7327190e+00
   9.8344183e+00   4.6772741e+00
   9.8347974e+00   4.6218292e+00
   9.8506959e+00   4.5717031e+00
   9.8844063e+00   4.5276816e+00
   9.9082813e+00   4.5178537e+00
   9.9134503e+00   4.5730584e+00
   9.9186194e+00   4.6282631e+00
   9.9237885e+00   4.6834679e+00
   9.9289575e+00   4.7386726e+00
   9.9341335e+00   4.7938767e+00
   9.9393099e+00   4.8490808e+00
   9.9444864e+00   4.9042848e+00
   9.9496628e+00   4.9594889e+00
   9.9548401e+00   5.0146929e+00
   9.9600182e+00   5.0698968e+00
   9.9651962e+00   5.1251007e+00
   9.9703743e+00   5.1803046e+00
   9.9755521e+00   5.2355085e+00
   9.9807279e+00   5.2907126e+00
   9.9859037e+00   5.3459167e+00
   9.9910795e+00   5.4011208e+00
   9.9962553e+00   5.4563249e+00
   9.9971437e+00   5.4339066e+00
   9.9962081e+00   5.3784683e+00
   9.9952726e+00   5.3230300e+00
   9.9942735e+00   5.2675930e+00
   9.9928904e+00   5.2121640e+00
   9.9915073e+00   5.1567351e+00
   9.9901243e+00   5.1013061e+00
   9.9887412e+00   5.0458771e+00
   9.9873582e+00   4.9904482e+00
   9.9859751e+00   4.9350192e+00
   9.9845920e+00   4.8795902e+00
   9.9832090e+00   4.8241613e+00
   9.9818231e+00   4.7687324e+00
   9.9804311e+00   4.7133036e+00
   9.9790392e+00   4.6578749e+00
   9.9776472e+00   4.6024462e+00
   9.9762552e+00   4.5470174e+00
   9.9748713e+00   4.4915885e+00
   9.9734882e+00   4.4361595e+00
   9.9721051e+00   4.3807305e+00
   9.9707220e+00   4.3253016e+00
   9.9723662e+00   4.2699627e+00
   9.9770414e+00   4.2147139e+00
   9.9817167e+00   4.1594651e+00
   9.9863919e+00   4.1042164e+00
   9.9921363e+00   4.0491457e+00
   1.0005625e+01   3.9953652e+00
   1.0019113e+01   3.9415846e+00
   1.0032601e+01   3.8878040e+00
   1.0046089e+01   3.8340235e+00
   1.0063974e+01   3.7816204e+00
   1.0083589e+01   3.7297597e+00
   1.0103204e+01   3.6778989e+00
   1.0122819e+01   3.6260382e+00
   1.0144029e+01   3.5748762e+00
   1.0168832e+01   3.5252867e+00
   1.0193635e+01   3.4756973e+00
   1.0218437e+01   3.4261079e+00
   1.0243240e+01   3.3765184e+00
   1.0266381e+01   3.3261360e+00
   1.0289331e+01   3.2756624e+00
   1.0312281e+01   3.2251887e+00
   1.0335230e+01   3.1747151e+00
   1.0364621e+01   3.1283581e+00
   1.0400792e+01   3.0863350e+00
   1.0436963e+01   3.0443119e+00
   1.0473134e+01   3.0022887e+00
   1.0512735e+01   2.9644002e+00
   1.0560716e+01   2.9366138e+00
   1.0608697e+01   2.9088273e+00
   1.0656678e+01   2.8810408e+00
   1.0704660e+01   2.8532544e+00
   1.0752647e+01   2.8254780e+00
   1.0800634e+01   2.7977031e+00
   1.0848622e+01   2.7699282e+00
   1.0896610e+01   2.7421532e+00
   1.0943673e+01   2.7128969e+00
   1.0989687e+01   2.6819622e+00
   1.1035702e+01   2.6510275e+00
   1.1081716e+01   2.6200928e+00
   1.1127561e+01   2.5889249e+00
   1.1171159e+01   2.5546680e+00
   1.1214756e+01   2.5204111e+00
   1.1258354e+01   2.4861543e+00
   1.1301951e+01   2.4518974e+00
   1.1345451e+01   2.4175159e+00
   1.1388899e+01   2.3830701e+00
   1.1432347e+01   2.3486243e+00
   1.1475796e+01   2.3141784e+00
   1.1518432e+01   2.2787977e+00
   1.1558628e+01   2.2406062e+00
   1.1598824e+01   2.2024147e+00
   1.1639019e+01   2.1642231e+00
   1.1679215e+01   2.1260316e+00
   1.1719413e+01   2.0878421e+00
   1.1759611e+01   2.0496529e+00
   1.1799808e+01   2.0114638e+00
   1.1840006e+01   1.9732746e+00
   1.1880205e+01   1.9350860e+00
   1.1920404e+01   1.8968980e+00
   1.1960603e+01   1.8587101e+00
   1.2000802e+01   1.8205221e+00
   1.2040968e+01   1.7823012e+00
   1.2079286e+01   1.7422258e+00
   1.2117603e+01   1.7021503e+00
   1.2155921e+01   1.6620749e+00
   1.2194239e+01   1.6219994e+00
   1.2242689e+01   1.6125348e+00
   1.2297350e+01   1.6218333e+00
   1.2352011e+01   1.6311317e+00
   1.2406118e+01   1.6430743e+00
   1.2459922e+01   1.6564704e+00
   1.2513726e+01   1.6698664e+00
   1.2567529e+01   1.6832625e+00
   1.2613738e+01   1.6758264e+00
   1.2646294e+01   1.6309447e+00
   1.2678851e+01   1.5860630e+00
   1.2711407e+01   1.5411814e+00
   1.2733300e+01   1.4928394e+00
   1.2733300e+01   1.4373932e+00
   1.2733300e+01   1.3819470e+00
   1.2733300e+01   1.3265008e+00
   1.2733300e+01   1.2710546e+00
   1.2698722e+01   1.2291852e+00
   1.2660997e+01   1.1885513e+00
   1.2623272e+01   1.1479174e+00
   1.2585547e+01   1.1072835e+00
   1.2538333e+01   1.0829156e+00
   1.2484394e+01   1.0700756e+00
   1.2430455e+01   1.0572356e+00
   1.2376516e+01   1.0443956e+00
   1.2322191e+01   1.0345653e+00
   1.2266757e+01   1.0333849e+00
   1.2211324e+01   1.0322045e+00
   1.2155890e+01   1.0310241e+00
   1.2100456e+01   1.0298437e+00
   1.2045012e+01   1.0296700e+00
   1.1989566e+01   1.0296700e+00
   1.1934120e+01   1.0296700e+00
   1.1878673e+01   1.0296700e+00
   1.1823256e+01   1.0308530e+00
   1.1767874e+01   1.0335222e+00
   1.1712492e+01   1.0361914e+00
   1.1657110e+01   1.0388606e+00
   1.1601734e+01   1.0416189e+00
   1.1546518e+01   1.0466667e+00
   1.1491302e+01   1.0517146e+00
   1.1436086e+01   1.0567624e+00
   1.1380870e+01   1.0618103e+00
   1.1325722e+01   1.0675308e+00
   1.1270615e+01   1.0736538e+00
   1.1215508e+01   1.0797769e+00
   1.1160401e+01   1.0858999e+00
   1.1106338e+01   1.0957524e+00
   1.1056065e+01   1.1191374e+00
   1.1005791e+01   1.1425225e+00
   1.0955518e+01   1.1659076e+00
   1.0905245e+01   1.1892927e+00
   1.0858589e+01   1.2191102e+00
   1.0812494e+01   1.2499243e+00
   1.0766398e+01   1.2807385e+00
   1.0720303e+01   1.3115526e+00
   1.0678479e+01   1.3472654e+00
   1.0641674e+01   1.3887345e+00
   1.0604870e+01   1.4302037e+00
   1.0568065e+01   1.4716729e+00
   1.0528681e+01   1.5088334e+00
   1.0474743e+01   1.5216776e+00
   1.0446091e+01   1.5086707e+00
   1.0457740e+01   1.4544620e+00
   1.0469389e+01   1.4002534e+00
   1.0481038e+01   1.3460447e+00
   1.0494321e+01   1.2928705e+00
   1.0538353e+01   1.2591747e+00
   1.0582386e+01   1.2254788e+00
   1.0626419e+01   1.1917829e+00
   1.0670451e+01   1.1580870e+00
   1.0628497e+01   1.1393934e+00
   1.0575655e+01   1.1225994e+00
   1.0522814e+01   1.1058054e+00
   1.0468837e+01   1.0963300e+00
   1.0413391e+01   1.0963300e+00
   1.0357945e+01   1.0963300e+00
   1.0302498e+01   1.0963300e+00
   1.0247268e+01   1.0970908e+00
   1.0200095e+01   1.1262282e+00
   1.0152922e+01   1.1553656e+00
   1.0105749e+01   1.1845030e+00
   1.0058576e+01   1.2136403e+00
   1.0012086e+01   1.2438420e+00
   9.9659492e+00   1.2745938e+00
   9.9198124e+00   1.3053457e+00
   9.8736756e+00   1.3360975e+00
   9.8252532e+00   1.3584704e+00
   9.7698918e+00   1.3554045e+00
   9.7145304e+00   1.3523387e+00
   9.6591690e+00   1.3492728e+00
   9.6038076e+00   1.3462070e+00
   9.5753693e+00   1.3022776e+00
   9.5507058e+00   1.2526188e+00
   9.5260423e+00   1.2029600e+00
   9.5317166e+00   1.1518522e+00
   9.5515347e+00   1.1000688e+00
   9.5713529e+00   1.0482853e+00
   9.5911711e+00   9.9650191e-01
   9.6070842e+00   9.4376110e-01
   9.6134646e+00   8.8868322e-01
   9.6198451e+00   8.3360534e-01
   9.6262256e+00   7.7852746e-01
   9.6326060e+00   7.2344958e-01
   9.5981776e+00   6.8284152e-01
   9.5585259e+00   6.4408547e-01
   9.5188743e+00   6.0532942e-01
   9.4739035e+00   6.1942913e-01
   9.4273247e+00   6.4950730e-01
   9.3807458e+00   6.7958546e-01
   9.3341670e+00   7.0966362e-01
   9.2821398e+00   6.9544228e-01
   9.2296608e+00   6.7754715e-01
   9.1773538e+00   6.6681546e-01
   9.1257944e+00   6.8720933e-01
   9.0742350e+00   7.0760320e-01
   9.0226756e+00   7.2799707e-01
   8.9712026e+00   7.3139389e-01
   8.9198531e+00   7.1047705e-01
   8.8685036e+00   6.8956021e-01
   8.8171541e+00   6.6864337e-01
   8.7723290e+00   6.8907633e-01
   8.7299145e+00   7.2478758e-01
   8.6875000e+00   7.6049883e-01
   8.6450855e+00   7.9621008e-01
   8.6050376e+00   8.3426658e-01
   8.5697125e+00   8.7700321e-01
   8.5343874e+00   9.1973984e-01
   8.4990622e+00   9.6247647e-01
   8.4637371e+00   1.0052131e+00
   8.4276892e+00   1.0473413e+00
   8.3916055e+00   1.0894394e+00
   8.3555217e+00   1.1315374e+00
   8.3194380e+00   1.1736355e+00
   8.2785684e+00   1.1753229e+00
   8.2336493e+00   1.1428181e+00
   8.1887302e+00   1.1103133e+00
   8.1438112e+00   1.0778085e+00
   8.0951321e+00   1.0550409e+00
   8.0400248e+00   1.0489196e+00
   7.9849175e+00   1.0427983e+00
   7.9298102e+00   1.0366771e+00
   7.8747029e+00   1.0305558e+00
   7.8219159e+00   1.0137450e+00
   7.7692302e+00   9.9646810e-01
   7.7165444e+00   9.7919115e-01
   7.6638586e+00   9.6191420e-01
   7.6107082e+00   9.4619301e-01
   7.5571770e+00   9.3174668e-01
   7.5036459e+00   9.1730035e-01
   7.4501147e+00   9.0285402e-01
   7.3963119e+00   8.8992521e-01
   7.3410933e+00   8.8490672e-01
   7.2858746e+00   8.7988822e-01
   7.2306560e+00   8.7486973e-01
   7.1754374e+00   8.6985123e-01
   7.1201341e+00   8.6592223e-01
   7.0648028e+00   8.6235507e-01
   7.0094714e+00   8.5878792e-01
   6.9541401e+00   8.5522077e-01
   6.8987987e+00   8.5182062e-01
   6.8434379e+00   8.4874444e-01
   6.7880771e+00   8.4566826e-01
   6.7327162e+00   8.4259208e-01
   6.6773554e+00   8.3951590e-01
   6.6219552e+00   8.3726847e-01
   6.5665521e+00   8.3508360e-01
   6.5111489e+00   8.3289873e-01
   6.4557458e+00   8.3071386e-01
   6.4003202e+00   8.2966700e-01
   6.3448740e+00   8.2966700e-01
   6.2894278e+00   8.2966700e-01
   6.2339815e+00   8.2966700e-01
   6.1785353e+00   8.2966700e-01
   6.1230891e+00   8.2966700e-01
   6.0676429e+00   8.2966700e-01
   6.0121967e+00   8.2966700e-01
   5.9567505e+00   8.2966700e-01
   5.9013042e+00   8.2966700e-01
   5.8458580e+00   8.2966700e-01
   5.7904118e+00   8.2966700e-01
   5.7349656e+00   8.2966700e-01
   5.6795610e+00   8.3082028e-01
   5.6242588e+00   8.3481419e-01
   5.5689566e+00   8.3880810e-01
   5.5136544e+00   8.4280200e-01
   5.4583522e+00   8.4679591e-01
   5.4034964e+00   8.5474435e-01
   5.3486955e+00   8.6317875e-01
   5.2938945e+00   8.7161316e-01
   5.2390936e+00   8.8004756e-01
   5.1841449e+00   8.8736563e-01
   5.1290363e+00   8.9347460e-01
   5.0739276e+00   8.9958357e-01
   5.0188189e+00   9.0569254e-01
   4.9636974e+00   9.1166231e-01
   4.9084068e+00   9.1581421e-01
   4.8531163e+00   9.1996610e-01
   4.7978257e+00   9.2411800e-01
   4.7425352e+00   9.2826989e-01
   4.6871413e+00   9.2966700e-01
   4.6316951e+00   9.2966700e-01
   4.5762489e+00   9.2966700e-01
   4.5208027e+00   9.2966700e-01
   4.4888709e+00   9.1936592e-01
   4.5264623e+00   8.7860847e-01
   4.5640537e+00   8.3785102e-01
   4.6016451e+00   7.9709357e-01
   4.6345969e+00   7.5360469e-01
   4.6519936e+00   7.0095837e-01
   4.6693904e+00   6.4831206e-01
   4.6867872e+00   5.9566574e-01
   4.6533964e+00   5.8262352e-01
   4.5980976e+00   5.8666500e-01
   4.5427989e+00   5.9070648e-01
   4.4875002e+00   5.9474796e-01
   4.4400445e+00   6.2153484e-01
   4.3940074e+00   6.5243582e-01
   4.3479703e+00   6.8333679e-01
   4.3065826e+00   7.0351208e-01
   4.2976621e+00   6.4878816e-01
   4.2887416e+00   5.9406424e-01
   4.2703470e+00   5.5360648e-01
   4.2164478e+00   5.6661243e-01
   4.1625485e+00   5.7961838e-01
   4.1086493e+00   5.9262433e-01
   4.0589786e+00   6.1347062e-01
   4.0185018e+00   6.5136407e-01
   3.9780250e+00   6.8925753e-01
   3.9375482e+00   7.2715098e-01
   3.9127659e+00   6.8588911e-01
   3.8898094e+00   6.3541850e-01
   3.8668530e+00   5.8494788e-01
   3.8259682e+00   5.6818995e-01
   3.7712878e+00   5.7737350e-01
   3.7166074e+00   5.8655705e-01
   3.6619270e+00   5.9574060e-01
   3.6136220e+00   6.1687032e-01
   3.5755554e+00   6.5718423e-01
   3.5374887e+00   6.9749813e-01
   3.4994220e+00   7.3781204e-01
   3.4613553e+00   7.7812594e-01
   3.4248654e+00   8.1987122e-01
   3.3884104e+00   8.6164823e-01
   3.3519555e+00   9.0342523e-01
   3.3155005e+00   9.4520223e-01
   3.2738713e+00   9.8121254e-01
   3.2284018e+00   1.0129427e+00
   3.1829323e+00   1.0446729e+00
   3.1374627e+00   1.0764031e+00
   3.0879008e+00   1.0945971e+00
   3.0324681e+00   1.0933728e+00
   2.9770354e+00   1.0921486e+00
   2.9216027e+00   1.0909243e+00
