   0.0000000e+00   0.0000000e+00
   9.2411831e-03   1.2507084e-02
   1.8482366e-02   2.5014169e-02
   2.7723549e-02   3.7521253e-02
   3.6964733e-02   5.0028338e-02
   4.0582277e-02   6.5102969e-02
   4.3979765e-02   8.0278071e-02
   4.7377252e-02   9.5453172e-02
   5.0774740e-02   1.1062827e-01
   5.7343130e-02   1.2468979e-01
   6.4180110e-02   1.3865697e-01
   7.1017091e-02   1.5262416e-01
   7.7854072e-02   1.6659135e-01
   8.5034758e-02   1.8038426e-01
   9.2261658e-02   1.9415374e-01
   9.9488559e-02   2.0792322e-01
   1.0671546e-01   2.2169270e-01
   1.1337267e-01   2.3574374e-01
   1.1992222e-01   2.4984800e-01
   1.2647177e-01   2.6395225e-01
   1.3302131e-01   2.7805651e-01
   1.3853798e-01   2.9258519e-01
   1.4379742e-01   3.0721956e-01
   1.4905685e-01   3.2185394e-01
   1.5431629e-01   3.3648831e-01
   1.5850739e-01   3.5145051e-01
   1.6236146e-01   3.6651613e-01
   1.6621553e-01   3.8158174e-01
   1.7006960e-01   3.9664736e-01
   1.7432394e-01   4.1160263e-01
   1.7873414e-01   4.2651493e-01
   1.8314434e-01   4.4142723e-01
   1.8755454e-01   4.5633953e-01
   1.9022188e-01   4.7161098e-01
   1.9206648e-01   4.8705197e-01
   1.9391108e-01   5.0249296e-01
   1.9575569e-01   5.1793394e-01
   1.9791410e-01   5.3333236e-01
   2.0024989e-01   5.4870671e-01
   2.0258569e-01   5.6408106e-01
   2.0492148e-01   5.7945541e-01
   2.0918000e-01   5.9432278e-01
   2.1472861e-01   6.0884998e-01
   2.2027722e-01   6.2337718e-01
   2.2582583e-01   6.3790438e-01
   2.3210406e-01   6.5211385e-01
   2.3896019e-01   6.6607164e-01
   2.4581632e-01   6.8002944e-01
   2.5267245e-01   6.9398724e-01
   2.5626987e-01   7.0876433e-01
   2.5683011e-01   7.2430501e-01
   2.5739035e-01   7.3984569e-01
   2.5795058e-01   7.5538637e-01
   2.5841066e-01   7.7092998e-01
   2.5876100e-01   7.8647681e-01
   2.5911133e-01   8.0202364e-01
   2.5946167e-01   8.1757047e-01
   2.5997275e-01   8.3311177e-01
   2.6069116e-01   8.4864594e-01
   2.6140958e-01   8.6418012e-01
   2.6212799e-01   8.7971429e-01
   2.6871436e-01   8.8944462e-01
   2.8423970e-01   8.9033366e-01
   2.9976504e-01   8.9122270e-01
   3.1529039e-01   8.9211174e-01
   3.3079641e-01   8.9212476e-01
   3.4626747e-01   8.9055219e-01
   3.6173853e-01   8.8897961e-01
   3.7720958e-01   8.8740703e-01
   3.9270158e-01   8.8653369e-01
   4.0823900e-01   8.8717786e-01
   4.2377643e-01   8.8782202e-01
   4.3931386e-01   8.8846619e-01
   4.5484893e-01   8.8870621e-01
   4.7037779e-01   8.8788080e-01
   4.8590664e-01   8.8705539e-01
   5.0143550e-01   8.8622999e-01
   5.1695675e-01   8.8590285e-01
   5.3245320e-01   8.8720160e-01
   5.4794964e-01   8.8850034e-01
   5.6344609e-01   8.8979909e-01
   5.7887166e-01   8.9014927e-01
   5.9400302e-01   8.8656198e-01
   6.0913438e-01   8.8297469e-01
   6.2426573e-01   8.7938740e-01
   6.3769622e-01   8.7404438e-01
   6.4176187e-01   8.5903448e-01
   6.4582752e-01   8.4402458e-01
   6.4989318e-01   8.2901468e-01
   6.5454908e-01   8.1429125e-01
   6.6382558e-01   8.0181034e-01
   6.7310209e-01   7.8932943e-01
   6.8237859e-01   7.7684851e-01
   6.9182375e-01   7.6452166e-01
   7.0341578e-01   7.5415578e-01
   7.1500782e-01   7.4378991e-01
   7.2659985e-01   7.3342403e-01
   7.3806765e-01   7.2295733e-01
   7.4582633e-01   7.0948033e-01
   7.5358500e-01   6.9600332e-01
   7.6134368e-01   6.8252632e-01
   7.6910235e-01   6.6904932e-01
   7.7740585e-01   6.5590111e-01
   7.8571374e-01   6.4275556e-01
   7.9402164e-01   6.2961002e-01
   8.0232954e-01   6.1646447e-01
   8.1175979e-01   6.0410317e-01
   8.2124719e-01   5.9178182e-01
   8.3073459e-01   5.7946046e-01
   8.4022200e-01   5.6713910e-01
   8.5113815e-01   5.5607974e-01
   8.6219370e-01   5.4514349e-01
   8.7324924e-01   5.3420724e-01
   8.8430479e-01   5.2327099e-01
   8.9018587e-01   5.0906961e-01
   8.9529839e-01   4.9438326e-01
   9.0041091e-01   4.7969691e-01
   9.0552343e-01   4.6501057e-01
   9.1177861e-01   4.5078422e-01
   9.1826742e-01   4.3665191e-01
   9.2475623e-01   4.2251961e-01
   9.3124504e-01   4.0838731e-01
   9.4000435e-01   3.9561076e-01
   9.4936788e-01   3.8319501e-01
   9.5873141e-01   3.7077926e-01
   9.6809494e-01   3.5836350e-01
   9.7374002e-01   3.4407495e-01
   9.7814153e-01   3.2916008e-01
   9.8254304e-01   3.1424522e-01
   9.8694455e-01   2.9933035e-01
   9.8969097e-01   2.8406247e-01
   9.9175793e-01   2.6864967e-01
   9.9382488e-01   2.5323688e-01
   9.9589184e-01   2.3782408e-01
   9.9925690e-01   2.2267039e-01
   1.0032656e+00   2.0764519e-01
   1.0072743e+00   1.9261999e-01
   1.0112831e+00   1.7759478e-01
   1.0103481e+00   1.6254554e-01
   1.0064856e+00   1.4748208e-01
   1.0026232e+00   1.3241861e-01
   9.9876071e-01   1.1735514e-01
   9.8964041e-01   1.1632470e-01
   9.7683059e-01   1.2514145e-01
   9.6402077e-01   1.3395821e-01
   9.5121095e-01   1.4277496e-01
   9.3962887e-01   1.5301063e-01
   9.2906268e-01   1.6442037e-01
   9.1849648e-01   1.7583011e-01
   9.0793029e-01   1.8723985e-01
   8.9987507e-01   2.0021721e-01
   8.9426366e-01   2.1472027e-01
   8.8865225e-01   2.2922333e-01
   8.8304085e-01   2.4372639e-01
   8.7754961e-01   2.5827473e-01
   8.7219587e-01   2.7287487e-01
   8.6684214e-01   2.8747501e-01
   8.6148841e-01   3.0207515e-01
   8.5411908e-01   3.1549811e-01
   8.4403293e-01   3.2733434e-01
   8.3394679e-01   3.3917057e-01
   8.2386064e-01   3.5100680e-01
   8.1170163e-01   3.5764630e-01
   7.9623810e-01   3.5600133e-01
   7.8077457e-01   3.5435636e-01
   7.6531104e-01   3.5271138e-01
   7.5230785e-01   3.4710370e-01
   7.4397485e-01   3.3397405e-01
   7.3564185e-01   3.2084440e-01
   7.2730884e-01   3.0771476e-01
   7.1982308e-01   2.9415975e-01
   7.1427142e-01   2.7963371e-01
   7.0871977e-01   2.6510767e-01
   7.0316811e-01   2.5058164e-01
   6.9852554e-01   2.3582289e-01
   6.9641502e-01   2.2041600e-01
   6.9430451e-01   2.0500911e-01
   6.9219399e-01   1.8960221e-01
   6.9009443e-01   1.7419384e-01
   6.8803290e-01   1.5878032e-01
   6.8597136e-01   1.4336679e-01
   6.8390982e-01   1.2795327e-01
   6.8265952e-01   1.1254771e-01
   6.8502330e-01   9.7177638e-02
   6.8738709e-01   8.1807565e-02
   6.8975087e-01   6.6437491e-02
   6.9208903e-01   5.1063629e-02
   6.9427345e-01   3.5667041e-02
   6.9645787e-01   2.0270452e-02
   6.9864229e-01   4.8738637e-03
   7.0096385e-01  -1.0497098e-02
   7.0448684e-01  -2.5643555e-02
   7.0800983e-01  -4.0790013e-02
   7.1153281e-01  -5.5936470e-02
   7.1491509e-01  -7.1104862e-02
   7.1616934e-01  -8.6604975e-02
   7.1742358e-01  -1.0210509e-01
   7.1867783e-01  -1.1760520e-01
   7.1995949e-01  -1.3310195e-01
   7.2248371e-01  -1.4844650e-01
   7.2500792e-01  -1.6379104e-01
   7.2753213e-01  -1.7913558e-01
   7.3005635e-01  -1.9448012e-01
   7.2842348e-01  -2.0993419e-01
   7.2671079e-01  -2.2539037e-01
   7.2499811e-01  -2.4084654e-01
   7.2328542e-01  -2.5630272e-01
   7.2554834e-01  -2.7165554e-01
   7.2806176e-01  -2.8700186e-01
   7.3057518e-01  -3.0234817e-01
   7.3308860e-01  -3.1769449e-01
   7.1997992e-01  -3.2341237e-01
   7.0514114e-01  -3.2806393e-01
   6.9030235e-01  -3.3271549e-01
   6.7546356e-01  -3.3736705e-01
   6.6408331e-01  -3.2841195e-01
   6.5326672e-01  -3.1723931e-01
   6.4245013e-01  -3.0606667e-01
   6.3163353e-01  -2.9489402e-01
   6.2563768e-01  -2.8079209e-01
   6.2070412e-01  -2.6604466e-01
   6.1577056e-01  -2.5129724e-01
   6.1083699e-01  -2.3654981e-01
   6.0894877e-01  -2.2120288e-01
   6.0792447e-01  -2.0568587e-01
   6.0690018e-01  -1.9016887e-01
   6.0587588e-01  -1.7465186e-01
   6.0301721e-01  -1.5940596e-01
   5.9950925e-01  -1.4425602e-01
   5.9600129e-01  -1.2910607e-01
   5.9249333e-01  -1.1395613e-01
   5.8989015e-01  -9.8636736e-02
   5.8767818e-01  -8.3244081e-02
   5.8546621e-01  -6.7851426e-02
   5.8325424e-01  -5.2458771e-02
   5.8154385e-01  -3.7006638e-02
   5.8009450e-01  -2.1523550e-02
   5.7864515e-01  -6.0404619e-03
   5.7719580e-01   9.4426260e-03
   5.7357310e-01   2.4464005e-02
   5.6860287e-01   3.9199111e-02
   5.6363263e-01   5.3934218e-02
   5.5866239e-01   6.8669325e-02
   5.4887258e-01   7.0280403e-02
   5.3554725e-01   6.2264032e-02
   5.2222192e-01   5.4247660e-02
   5.0889659e-01   4.6231289e-02
   5.0361125e-01   3.4221233e-02
   5.0527444e-01   1.8759654e-02
   5.0693763e-01   3.2980748e-03
   5.0860082e-01  -1.2163504e-02
   5.0961289e-01  -2.7667365e-02
   5.0996330e-01  -4.3214192e-02
   5.1031371e-01  -5.8761020e-02
   5.1066412e-01  -7.4307847e-02
   5.1184776e-01  -8.9786551e-02
   5.1402725e-01  -1.0518384e-01
   5.1620675e-01  -1.2058112e-01
   5.1838624e-01  -1.3597841e-01
   5.1959213e-01  -1.5143905e-01
   5.1942624e-01  -1.6698894e-01
   5.1926034e-01  -1.8253883e-01
   5.1909444e-01  -1.9808872e-01
   5.1889800e-01  -2.1363820e-01
   5.1865061e-01  -2.2918701e-01
   5.1840321e-01  -2.4473582e-01
   5.1815581e-01  -2.6028463e-01
   5.1833516e-01  -2.7582269e-01
   5.1936450e-01  -2.9133936e-01
   5.2039385e-01  -3.0685603e-01
   5.2142319e-01  -3.2237270e-01
   5.2049133e-01  -3.3758766e-01
   5.1484578e-01  -3.5207746e-01
   5.0920022e-01  -3.6656726e-01
   5.0355467e-01  -3.8105707e-01
   4.9578982e-01  -3.9016512e-01
   4.8178028e-01  -3.8341535e-01
   4.6777074e-01  -3.7666558e-01
   4.5376120e-01  -3.6991581e-01
   4.4141340e-01  -3.6156701e-01
   4.3520728e-01  -3.4730830e-01
   4.2900116e-01  -3.3304959e-01
   4.2279504e-01  -3.1879089e-01
   4.1765426e-01  -3.0430928e-01
   4.1762333e-01  -2.8875854e-01
   4.1759239e-01  -2.7320779e-01
   4.1756145e-01  -2.5765705e-01
   4.1727001e-01  -2.4212341e-01
   4.1526694e-01  -2.2670218e-01
   4.1326386e-01  -2.1128095e-01
   4.1126079e-01  -1.9585972e-01
   4.0933929e-01  -1.8043027e-01
   4.0822626e-01  -1.6491938e-01
   4.0711324e-01  -1.4940849e-01
   4.0600021e-01  -1.3389759e-01
   4.0479245e-01  -1.1839925e-01
   4.0182979e-01  -1.0313329e-01
   3.9886714e-01  -8.7867342e-02
   3.9590448e-01  -7.2601389e-02
   3.9296607e-01  -5.7332541e-02
   3.9224994e-01  -4.1798264e-02
   3.9153380e-01  -2.6263986e-02
   3.9081766e-01  -1.0729709e-02
   3.9010153e-01   4.8045685e-03
   3.9746812e-01   1.8422649e-02
   4.0508162e-01   3.1982197e-02
   4.1269511e-01   4.5541744e-02
   4.2030861e-01   5.9101292e-02
   4.0911673e-01   5.1587449e-02
   3.9650783e-01   4.2485677e-02
   3.8389893e-01   3.3383904e-02
   3.7129003e-01   2.4282132e-02
   3.6266701e-01   1.1483741e-02
   3.5453916e-01  -1.7738873e-03
   3.4641132e-01  -1.5031516e-02
   3.3828347e-01  -2.8289144e-02
   3.3513671e-01  -4.3353465e-02
   3.3287542e-01  -5.8738951e-02
   3.3061413e-01  -7.4124437e-02
   3.2835283e-01  -8.9509923e-02
   3.2793329e-01  -1.0502906e-01
   3.2794960e-01  -1.2057983e-01
   3.2796591e-01  -1.3613060e-01
   3.2798222e-01  -1.5168136e-01
   3.2822706e-01  -1.6722970e-01
   3.2854087e-01  -1.8277731e-01
   3.2885467e-01  -1.9832492e-01
   3.2916847e-01  -2.1387253e-01
   3.2837512e-01  -2.2938828e-01
   3.2716763e-01  -2.4489210e-01
   3.2596013e-01  -2.6039593e-01
   3.2475264e-01  -2.7589975e-01
   3.2119674e-01  -2.9095235e-01
   3.1657258e-01  -3.0579970e-01
   3.1194842e-01  -3.2064705e-01
   3.0732426e-01  -3.3549440e-01
   2.9621509e-01  -3.3736062e-01
   2.8156629e-01  -3.3214150e-01
   2.6691749e-01  -3.2692238e-01
   2.5226868e-01  -3.2170326e-01
   2.4254924e-01  -3.1108749e-01
   2.3602833e-01  -2.9696997e-01
   2.2950742e-01  -2.8285245e-01
   2.2298651e-01  -2.6873493e-01
   2.1848193e-01  -2.5396692e-01
   2.1552319e-01  -2.3870021e-01
   2.1256444e-01  -2.2343350e-01
   2.0960570e-01  -2.0816679e-01
   2.0942015e-01  -1.9284204e-01
   2.1173755e-01  -1.7746490e-01
   2.1405495e-01  -1.6208777e-01
   2.1637235e-01  -1.4671063e-01
   2.1763518e-01  -1.3124957e-01
   2.1777900e-01  -1.1569946e-01
   2.1792282e-01  -1.0014935e-01
   2.1806664e-01  -8.4599240e-02
   2.1762771e-01  -6.9068319e-02
   2.1646123e-01  -5.3561355e-02
   2.1529474e-01  -3.8054390e-02
   2.1412826e-01  -2.2547426e-02
   2.1492215e-01  -7.2015453e-03
   2.1860430e-01   7.9070073e-03
   2.2228646e-01   2.3015560e-02
   2.2596861e-01   3.8124112e-02
   2.3058153e-01   5.2918033e-02
   2.3682156e-01   6.7161932e-02
   2.4306159e-01   8.1405830e-02
   2.4930162e-01   9.5649729e-02
   2.5250152e-01   1.1021147e-01
   2.4934255e-01   1.2543801e-01
   2.4618358e-01   1.4066455e-01
   2.4302462e-01   1.5589109e-01
   2.3705587e-01   1.6443077e-01
   2.2396912e-01   1.5603057e-01
   2.1088236e-01   1.4763037e-01
   1.9779560e-01   1.3923017e-01
   1.8572217e-01   1.2977586e-01
   1.7681251e-01   1.1703048e-01
   1.6790285e-01   1.0428511e-01
   1.5899319e-01   9.1539738e-02
   1.5046445e-01   7.8566326e-02
   1.4343909e-01   6.4692938e-02
   1.3641372e-01   5.0819551e-02
   1.2938836e-01   3.6946164e-02
   1.2233182e-01   2.3088837e-02
   1.1511370e-01   9.3147517e-03
   1.0789558e-01  -4.4593331e-03
   1.0067747e-01  -1.8233418e-02
   9.3409309e-02  -3.1980308e-02
   8.5778635e-02  -4.5530196e-02
   7.8147961e-02  -5.9080083e-02
   7.0517287e-02  -7.2629970e-02
   6.2329073e-02  -8.4635112e-02
   4.7803598e-02  -7.9081985e-02
   3.3278124e-02  -7.3528859e-02
   1.8752649e-02  -6.7975732e-02
   4.7662940e-03  -6.2020226e-02
   3.5747205e-03  -4.6515170e-02
   2.3831470e-03  -3.1010113e-02
   1.1915735e-03  -1.5505057e-02
