   0.0000000e+00   0.0000000e+00
   1.3855804e-02   7.0601541e-03
   2.7711607e-02   1.4120308e-02
   4.1567411e-02   2.1180462e-02
   5.5423215e-02   2.8240616e-02
   7.0196675e-02   2.3970779e-02
   8.5008077e-02   1.9232484e-02
   9.9819479e-02   1.4494190e-02
   1.1463088e-01   9.7558947e-03
   1.2907501e-01   4.0030962e-03
   1.4348716e-01  -1.8380581e-03
   1.5789931e-01  -7.6792125e-03
   1.7231146e-01  -1.3520367e-02
   1.7770715e-01  -1.0462643e-03
   1.8186720e-01   1.3937830e-02
   1.8602724e-01   2.8921924e-02
   1.9018729e-01   4.3906019e-02
   1.9182314e-01   5.9329827e-02
   1.9297483e-01   7.4837976e-02
   1.9412652e-01   9.0346125e-02
   1.9527821e-01   1.0585427e-01
   1.9466788e-01   1.2136794e-01
   1.9361334e-01   1.3688300e-01
   1.9255879e-01   1.5239805e-01
   1.9150424e-01   1.6791311e-01
   1.9508630e-01   1.8281355e-01
   2.0014670e-01   1.9751802e-01
   2.0520709e-01   2.1222249e-01
   2.1026748e-01   2.2692696e-01
   2.1512627e-01   2.4169868e-01
   2.1990581e-01   2.5649682e-01
   2.2468535e-01   2.7129497e-01
   2.2946488e-01   2.8609311e-01
   2.3662859e-01   2.9977561e-01
   2.4492766e-01   3.1292683e-01
   2.5322672e-01   3.2607805e-01
   2.6152578e-01   3.3922927e-01
   2.7020362e-01   3.5212914e-01
   2.7909730e-01   3.6488577e-01
   2.8799097e-01   3.7764239e-01
   2.9688465e-01   3.9039902e-01
   3.0573950e-01   4.0318257e-01
   3.1456810e-01   4.1598433e-01
   3.2339670e-01   4.2878608e-01
   3.3222530e-01   4.4158784e-01
   3.3777965e-01   4.5576244e-01
   3.4072123e-01   4.7103255e-01
   3.4366282e-01   4.8630265e-01
   3.4660440e-01   5.0157276e-01
   3.4789356e-01   5.1698653e-01
   3.4763136e-01   5.3253517e-01
   3.4736916e-01   5.4808382e-01
   3.4710696e-01   5.6363246e-01
   3.4747926e-01   5.7916455e-01
   3.4855185e-01   5.9467837e-01
   3.4962444e-01   6.1019219e-01
   3.5069703e-01   6.2570601e-01
   3.5195152e-01   6.4120479e-01
   3.5344233e-01   6.5668402e-01
   3.5493315e-01   6.7216325e-01
   3.5642396e-01   6.8764247e-01
   3.5762197e-01   7.0314285e-01
   3.5837063e-01   7.1867567e-01
   3.5911930e-01   7.3420849e-01
   3.5986796e-01   7.4974132e-01
   3.5755221e-01   7.6451598e-01
   3.4964738e-01   7.7790787e-01
   3.4174255e-01   7.9129976e-01
   3.3383772e-01   8.0469165e-01
   3.2612515e-01   8.1819125e-01
   3.1883316e-01   8.3192646e-01
   3.1154118e-01   8.4566167e-01
   3.0424920e-01   8.5939689e-01
   3.0211124e-01   8.7221903e-01
   3.1367791e-01   8.8261332e-01
   3.2524458e-01   8.9300761e-01
   3.3681125e-01   9.0340190e-01
   3.4930571e-01   9.1139853e-01
   3.6485625e-01   9.1149740e-01
   3.8040679e-01   9.1159628e-01
   3.9595733e-01   9.1169515e-01
   4.1096632e-01   9.1005777e-01
   4.2370323e-01   9.0113587e-01
   4.3644013e-01   8.9221398e-01
   4.4917704e-01   8.8329208e-01
   4.6039333e-01   8.7339906e-01
   4.6313053e-01   8.5809100e-01
   4.6586773e-01   8.4278294e-01
   4.6860492e-01   8.2747487e-01
   4.7107883e-01   8.1214022e-01
   4.7145792e-01   7.9659398e-01
   4.7183702e-01   7.8104775e-01
   4.7221611e-01   7.6550152e-01
   4.7277869e-01   7.4997514e-01
   4.7573339e-01   7.3470756e-01
   4.7868809e-01   7.1943999e-01
   4.8164279e-01   7.0417241e-01
   4.8453062e-01   6.8889672e-01
   4.8531631e-01   6.7336572e-01
   4.8610200e-01   6.5783473e-01
   4.8688768e-01   6.4230374e-01
   4.8767337e-01   6.2677274e-01
   4.8909426e-01   6.1128706e-01
   4.9052129e-01   5.9580182e-01
   4.9194833e-01   5.8031659e-01
   4.9337536e-01   5.6483135e-01
   5.0035568e-01   5.5099886e-01
   5.0762823e-01   5.3725335e-01
   5.1490079e-01   5.2350784e-01
   5.2217334e-01   5.0976233e-01
   5.3584686e-01   5.0298222e-01
   5.5015655e-01   4.9689438e-01
   5.6446624e-01   4.9080654e-01
   5.7877593e-01   4.8471870e-01
   5.9412297e-01   4.8498008e-01
   6.0962613e-01   4.8619706e-01
   6.2512929e-01   4.8741403e-01
   6.4063245e-01   4.8863101e-01
   6.5562806e-01   4.8512427e-01
   6.7051881e-01   4.8064156e-01
   6.8540956e-01   4.7615884e-01
   7.0030030e-01   4.7167613e-01
   7.1541842e-01   4.6806298e-01
   7.3059757e-01   4.6468327e-01
   7.4577672e-01   4.6130357e-01
   7.6095587e-01   4.5792386e-01
   7.7499086e-01   4.5149878e-01
   7.8864028e-01   4.4404744e-01
   8.0228970e-01   4.3659610e-01
   8.1593911e-01   4.2914476e-01
   8.2847683e-01   4.2003503e-01
   8.4055500e-01   4.1023979e-01
   8.5263318e-01   4.0044455e-01
   8.6471135e-01   3.9064931e-01
   8.7806293e-01   3.8285453e-01
   8.9204989e-01   3.7605792e-01
   9.0603686e-01   3.6926131e-01
   9.2002382e-01   3.6246470e-01
   9.3499087e-01   3.5990516e-01
   9.5054168e-01   3.5986934e-01
   9.6609249e-01   3.5983353e-01
   9.8164331e-01   3.5979772e-01
   9.9533104e-01   3.6530579e-01
   1.0077042e+00   3.7472571e-01
   1.0200773e+00   3.8414563e-01
   1.0324504e+00   3.9356555e-01
   1.0410702e+00   4.0578416e-01
   1.0465679e+00   4.2033078e-01
   1.0520656e+00   4.3487741e-01
   1.0575633e+00   4.4942403e-01
   1.0661224e+00   4.6187883e-01
   1.0776764e+00   4.7228721e-01
   1.0892304e+00   4.8269560e-01
   1.1007844e+00   4.9310399e-01
   1.1125267e+00   5.0329473e-01
   1.1244857e+00   5.1323513e-01
   1.1364447e+00   5.2317553e-01
   1.1484037e+00   5.3311593e-01
   1.1581852e+00   5.4476754e-01
   1.1650170e+00   5.5873740e-01
   1.1718487e+00   5.7270725e-01
   1.1786804e+00   5.8667711e-01
   1.1870336e+00   5.9958150e-01
   1.1978251e+00   6.1077847e-01
   1.2086166e+00   6.2197544e-01
   1.2194082e+00   6.3317242e-01
   1.2283662e+00   6.4552614e-01
   1.2338255e+00   6.6008721e-01
   1.2392849e+00   6.7464827e-01
   1.2447442e+00   6.8920934e-01
   1.2496799e+00   7.0393273e-01
   1.2534134e+00   7.1902875e-01
   1.2571469e+00   7.3412477e-01
   1.2608805e+00   7.4922079e-01
   1.2611380e+00   7.6358815e-01
   1.2516561e+00   7.7591383e-01
   1.2421742e+00   7.8823952e-01
   1.2326923e+00   8.0056521e-01
   1.2256723e+00   8.1359092e-01
   1.2272503e+00   8.2906150e-01
   1.2288284e+00   8.4453207e-01
   1.2304064e+00   8.6000265e-01
   1.2344374e+00   8.7193628e-01
   1.2494798e+00   8.6799224e-01
   1.2645222e+00   8.6404821e-01
   1.2795646e+00   8.6010417e-01
   1.2933682e+00   8.5470373e-01
   1.2996742e+00   8.4048885e-01
   1.3059803e+00   8.2627397e-01
   1.3122863e+00   8.1205909e-01
   1.3185664e+00   7.9783295e-01
   1.3246158e+00   7.8350696e-01
   1.3306652e+00   7.6918097e-01
   1.3367145e+00   7.5485498e-01
   1.3432752e+00   7.4175580e-01
   1.3577081e+00   7.4754558e-01
   1.3721409e+00   7.5333536e-01
   1.3865738e+00   7.5912513e-01
   1.4006366e+00   7.6510701e-01
   1.3970642e+00   7.8024197e-01
   1.3934918e+00   7.9537693e-01
   1.3899193e+00   8.1051188e-01
   1.3863469e+00   8.2564684e-01
   1.3763291e+00   8.3749638e-01
   1.3661807e+00   8.4927934e-01
   1.3560322e+00   8.6106231e-01
   1.3458838e+00   8.7284528e-01
   1.3484211e+00   8.8782564e-01
   1.3517723e+00   9.0301113e-01
   1.3551234e+00   9.1819661e-01
   1.3584746e+00   9.3338209e-01
   1.3725311e+00   9.3762519e-01
   1.3877863e+00   9.4064307e-01
   1.4030415e+00   9.4366095e-01
   1.4182967e+00   9.4667882e-01
   1.4284310e+00   9.3639584e-01
   1.4377237e+00   9.2392689e-01
   1.4470164e+00   9.1145793e-01
   1.4563091e+00   8.9898897e-01
   1.4608115e+00   8.8431288e-01
   1.4642515e+00   8.6914728e-01
   1.4676915e+00   8.5398167e-01
   1.4711315e+00   8.3881607e-01
   1.4725041e+00   8.2336606e-01
   1.4732869e+00   8.0783493e-01
   1.4740698e+00   7.9230379e-01
   1.4748526e+00   7.7677265e-01
   1.4733074e+00   7.6136134e-01
   1.4709341e+00   7.4599265e-01
   1.4685608e+00   7.3062396e-01
   1.4661876e+00   7.1525527e-01
   1.4682196e+00   7.0011428e-01
   1.4721648e+00   6.8507217e-01
   1.4761099e+00   6.7003007e-01
   1.4800551e+00   6.5498796e-01
   1.4915485e+00   6.4859530e-01
   1.5069862e+00   6.4672213e-01
   1.5224238e+00   6.4484897e-01
   1.5378614e+00   6.4297581e-01
   1.5529727e+00   6.3953012e-01
   1.5678809e+00   6.3510589e-01
   1.5827892e+00   6.3068166e-01
   1.5976974e+00   6.2625743e-01
   1.5999702e+00   6.1639062e-01
   1.5929432e+00   6.0251798e-01
   1.5859162e+00   5.8864534e-01
   1.5788892e+00   5.7477270e-01
   1.5676368e+00   5.6597445e-01
   1.5527210e+00   5.6157556e-01
   1.5378053e+00   5.5717668e-01
   1.5228896e+00   5.5277780e-01
   1.5093931e+00   5.4568914e-01
   1.4973432e+00   5.3585921e-01
   1.4852932e+00   5.2602929e-01
   1.4732433e+00   5.1619936e-01
   1.4641496e+00   5.0423320e-01
   1.4585994e+00   4.8970652e-01
   1.4530492e+00   4.7517983e-01
   1.4474990e+00   4.6065315e-01
   1.4424539e+00   4.4595707e-01
   1.4381224e+00   4.3102163e-01
   1.4337910e+00   4.1608619e-01
   1.4294595e+00   4.0115075e-01
   1.4253079e+00   3.8616624e-01
   1.4214576e+00   3.7109960e-01
   1.4176072e+00   3.5603295e-01
   1.4137569e+00   3.4096630e-01
   1.4106973e+00   3.2576167e-01
   1.4092172e+00   3.1028141e-01
   1.4077372e+00   2.9480115e-01
   1.4062571e+00   2.7932089e-01
   1.4049579e+00   2.6382696e-01
   1.4040946e+00   2.4830008e-01
   1.4032313e+00   2.3277321e-01
   1.4023681e+00   2.1724633e-01
   1.4007251e+00   2.0184216e-01
   1.3967775e+00   1.8680070e-01
   1.3928299e+00   1.7175925e-01
   1.3888823e+00   1.5671779e-01
   1.3849606e+00   1.4166966e-01
   1.3811347e+00   1.2659677e-01
   1.3773088e+00   1.1152389e-01
   1.3734830e+00   9.6450999e-02
   1.3685827e+00   8.1932859e-02
   1.3585089e+00   7.0086087e-02
   1.3484350e+00   5.8239315e-02
   1.3383611e+00   4.6392543e-02
   1.3281056e+00   3.4720662e-02
   1.3166502e+00   2.4203798e-02
   1.3051949e+00   1.3686935e-02
   1.2937396e+00   3.1700709e-03
   1.2820512e+00  -7.0028493e-03
   1.2680378e+00  -1.3744964e-02
   1.2540245e+00  -2.0487078e-02
   1.2400112e+00  -2.7229192e-02
   1.2259347e+00  -3.3781107e-02
   1.2106737e+00  -3.6769777e-02
   1.1954128e+00  -3.9758448e-02
   1.1801518e+00  -4.2747119e-02
   1.1648898e+00  -4.5729685e-02
   1.1495246e+00  -4.8125603e-02
   1.1341594e+00  -5.0521520e-02
   1.1187942e+00  -5.2917438e-02
   1.1034291e+00  -5.5313356e-02
   1.0878861e+00  -5.5120506e-02
   1.0723377e+00  -5.4847217e-02
   1.0567892e+00  -5.4573927e-02
   1.0412408e+00  -5.4300637e-02
   1.0256901e+00  -5.4241781e-02
   1.0101393e+00  -5.4199199e-02
   9.9458854e-01  -5.4156617e-02
   9.7903774e-01  -5.4114034e-02
   9.6348696e-01  -5.4151157e-02
   9.4793618e-01  -5.4198227e-02
   9.3238539e-01  -5.4245297e-02
   9.1683461e-01  -5.4292366e-02
   9.0128470e-01  -5.4456279e-02
   8.8573494e-01  -5.4641029e-02
   8.7018519e-01  -5.4825780e-02
   8.5463543e-01  -5.5010531e-02
   8.3908825e-01  -5.4750903e-02
   8.2354168e-01  -5.4385838e-02
   8.0799511e-01  -5.4020774e-02
   7.9244854e-01  -5.3655709e-02
   7.7689954e-01  -5.3713739e-02
   7.6134979e-01  -5.3899705e-02
   7.4580005e-01  -5.4085671e-02
   7.3025031e-01  -5.4271637e-02
   7.1507448e-01  -5.7209741e-02
   7.0003877e-01  -6.1179185e-02
   6.8500306e-01  -6.5148628e-02
   6.6996735e-01  -6.9118072e-02
   6.5478750e-01  -7.2467152e-02
   6.3954197e-01  -7.5533594e-02
   6.2429645e-01  -7.8600036e-02
   6.0905092e-01  -8.1666478e-02
   5.9394198e-01  -8.5320278e-02
   5.7890770e-01  -8.9295114e-02
   5.6387341e-01  -9.3269949e-02
   5.4883913e-01  -9.7244784e-02
   5.3536991e-01  -1.0445662e-01
   5.2291750e-01  -1.1377147e-01
   5.1046508e-01  -1.2308632e-01
   4.9801267e-01  -1.3240117e-01
   4.8634317e-01  -1.4262594e-01
   4.7527457e-01  -1.5354909e-01
   4.6420596e-01  -1.6447223e-01
   4.5313736e-01  -1.7539538e-01
   4.4212922e-01  -1.8637915e-01
   4.3117571e-01  -1.9741771e-01
   4.2022220e-01  -2.0845626e-01
   4.0926869e-01  -2.1949481e-01
   3.9783137e-01  -2.3000538e-01
   3.8588019e-01  -2.3995518e-01
   3.7392901e-01  -2.4990497e-01
   3.6197784e-01  -2.5985477e-01
   3.4917201e-01  -2.6850432e-01
   3.3529824e-01  -2.7552910e-01
   3.2142447e-01  -2.8255389e-01
   3.0755071e-01  -2.8957867e-01
   2.9382425e-01  -2.9687736e-01
   2.8031500e-01  -3.0457991e-01
   2.6680576e-01  -3.1228247e-01
   2.5329652e-01  -3.1998503e-01
   2.3909078e-01  -3.2560642e-01
   2.2366655e-01  -3.2758691e-01
   2.0824233e-01  -3.2956741e-01
   1.9281810e-01  -3.3154790e-01
   1.7756278e-01  -3.3432543e-01
   1.6266098e-01  -3.3877126e-01
   1.4775918e-01  -3.4321710e-01
   1.3285738e-01  -3.4766293e-01
   1.1778827e-01  -3.5047268e-01
   1.0229506e-01  -3.4913497e-01
   8.6801852e-02  -3.4779726e-01
   7.1308640e-02  -3.4645955e-01
   6.1515736e-02  -3.4221509e-01
   6.9531653e-02  -3.2888940e-01
   7.7547571e-02  -3.1556370e-01
   8.5563488e-02  -3.0223801e-01
   9.2269329e-02  -2.8847799e-01
   9.3801643e-02  -2.7300281e-01
   9.5333957e-02  -2.5752764e-01
   9.6866270e-02  -2.4205246e-01
   9.7006793e-02  -2.2684050e-01
   8.9929051e-02  -2.1299367e-01
   8.2851309e-02  -1.9914684e-01
   7.5773567e-02  -1.8530002e-01
   6.8989948e-02  -1.7133292e-01
   6.4338278e-02  -1.5649409e-01
   5.9686608e-02  -1.4165525e-01
   5.5034938e-02  -1.2681642e-01
   5.0067694e-02  -1.1212738e-01
   4.1511510e-02  -9.9141975e-02
   3.2955326e-02  -8.6156568e-02
   2.4399142e-02  -7.3171162e-02
   1.6026812e-02  -6.0103298e-02
   1.2020109e-02  -4.5077474e-02
   8.0134058e-03  -3.0051649e-02
   4.0067029e-03  -1.5025825e-02
