   0.0000000e+00   0.0000000e+00
  -1.4048594e-02  -6.6683254e-03
  -2.8097189e-02  -1.3336651e-02
  -4.2145783e-02  -2.0004976e-02
  -5.6194377e-02  -2.6673302e-02
  -7.0393780e-02  -3.3013734e-02
  -8.4599484e-02  -3.9340465e-02
  -9.8805189e-02  -4.5667197e-02
  -1.1301089e-01  -5.1993928e-02
  -1.2845271e-01  -5.2357528e-02
  -1.4400277e-01  -5.2198947e-02
  -1.5955283e-01  -5.2040367e-02
  -1.7510290e-01  -5.1881786e-02
  -1.9065271e-01  -5.1700533e-02
  -2.0620248e-01  -5.1516160e-02
  -2.2175226e-01  -5.1331788e-02
  -2.3730204e-01  -5.1147415e-02
  -2.5285265e-01  -5.1165338e-02
  -2.6840341e-01  -5.1222177e-02
  -2.8395418e-01  -5.1279015e-02
  -2.9950494e-01  -5.1335853e-02
  -3.1502847e-01  -5.2170490e-02
  -3.3054511e-01  -5.3201699e-02
  -3.4606175e-01  -5.4232907e-02
  -3.6157840e-01  -5.5264116e-02
  -3.7626568e-01  -5.9921568e-02
  -3.9068798e-01  -6.5737664e-02
  -4.0511027e-01  -7.1553760e-02
  -4.1953257e-01  -7.7369857e-02
  -4.3403160e-01  -8.2990375e-02
  -4.4856086e-01  -8.8533866e-02
  -4.6309011e-01  -9.4077358e-02
  -4.7761937e-01  -9.9620850e-02
  -4.9269090e-01  -1.0317850e-01
  -5.0802112e-01  -1.0578886e-01
  -5.2335134e-01  -1.0839922e-01
  -5.3868156e-01  -1.1100957e-01
  -5.5392569e-01  -1.1406395e-01
  -5.6912069e-01  -1.1737176e-01
  -5.8431569e-01  -1.2067957e-01
  -5.9951069e-01  -1.2398738e-01
  -6.1472570e-01  -1.2720088e-01
  -6.2995427e-01  -1.3035051e-01
  -6.4518284e-01  -1.3350015e-01
  -6.6041141e-01  -1.3664978e-01
  -6.7564587e-01  -1.3977073e-01
  -6.9088502e-01  -1.4286876e-01
  -7.0612417e-01  -1.4596679e-01
  -7.2136333e-01  -1.4906482e-01
  -7.3657241e-01  -1.5230421e-01
  -7.5175322e-01  -1.5567652e-01
  -7.6693404e-01  -1.5904883e-01
  -7.8211485e-01  -1.6242113e-01
  -7.9736445e-01  -1.6544427e-01
  -8.1269007e-01  -1.6808148e-01
  -8.2801569e-01  -1.7071869e-01
  -8.4334132e-01  -1.7335589e-01
  -8.5876319e-01  -1.7469816e-01
  -8.7431029e-01  -1.7435567e-01
  -8.8985739e-01  -1.7401318e-01
  -9.0540449e-01  -1.7367069e-01
  -9.1979694e-01  -1.7704611e-01
  -9.3241481e-01  -1.8613560e-01
  -9.4503269e-01  -1.9522509e-01
  -9.5765056e-01  -2.0431458e-01
  -9.6814311e-01  -2.1516817e-01
  -9.7475348e-01  -2.2924413e-01
  -9.8136385e-01  -2.4332008e-01
  -9.8797423e-01  -2.5739604e-01
  -9.9465342e-01  -2.7143902e-01
  -1.0014834e+00  -2.8540972e-01
  -1.0083134e+00  -2.9938043e-01
  -1.0151434e+00  -3.1335114e-01
  -1.0219463e+00  -3.2733501e-01
  -1.0286767e+00  -3.4135393e-01
  -1.0354072e+00  -3.5537286e-01
  -1.0421377e+00  -3.6939178e-01
  -1.0488745e+00  -3.8340768e-01
  -1.0556320e+00  -3.9741359e-01
  -1.0623895e+00  -4.1141950e-01
  -1.0691470e+00  -4.2542542e-01
  -1.0759097e+00  -4.3942880e-01
  -1.0826944e+00  -4.5342157e-01
  -1.0894791e+00  -4.6741433e-01
  -1.0962638e+00  -4.8140710e-01
  -1.1030232e+00  -4.9541193e-01
  -1.1096414e+00  -5.0948424e-01
  -1.1162595e+00  -5.2355654e-01
  -1.1228777e+00  -5.3762885e-01
  -1.1295752e+00  -5.5166130e-01
  -1.1369064e+00  -5.6537564e-01
  -1.1442376e+00  -5.7908998e-01
  -1.1515688e+00  -5.9280431e-01
  -1.1585268e+00  -6.0663909e-01
  -1.1605972e+00  -6.2205153e-01
  -1.1626675e+00  -6.3746397e-01
  -1.1647378e+00  -6.5287641e-01
  -1.1662727e+00  -6.6786450e-01
  -1.1507950e+00  -6.6937197e-01
  -1.1353174e+00  -6.7087944e-01
  -1.1198398e+00  -6.7238692e-01
  -1.1043621e+00  -6.7389439e-01
  -1.0888121e+00  -6.7397245e-01
  -1.0732614e+00  -6.7403623e-01
  -1.0577106e+00  -6.7410001e-01
  -1.0421599e+00  -6.7416379e-01
  -1.0489203e+00  -6.8686490e-01
  -1.0568618e+00  -7.0023505e-01
  -1.0648034e+00  -7.1360521e-01
  -1.0727450e+00  -7.2697537e-01
  -1.0873352e+00  -7.2543377e-01
  -1.1025883e+00  -7.2240537e-01
  -1.1178415e+00  -7.1937697e-01
  -1.1330946e+00  -7.1634856e-01
  -1.1486048e+00  -7.1616031e-01
  -1.1641539e+00  -7.1640051e-01
  -1.1797029e+00  -7.1664071e-01
  -1.1952519e+00  -7.1688091e-01
  -1.2107957e+00  -7.1650500e-01
  -1.2263384e+00  -7.1600159e-01
  -1.2418811e+00  -7.1549818e-01
  -1.2574238e+00  -7.1499476e-01
  -1.2716163e+00  -7.2049305e-01
  -1.2854457e+00  -7.2760483e-01
  -1.2992750e+00  -7.3471661e-01
  -1.3131044e+00  -7.4182839e-01
  -1.3270986e+00  -7.3863914e-01
  -1.3411485e+00  -7.3197342e-01
  -1.3551983e+00  -7.2530770e-01
  -1.3692481e+00  -7.1864198e-01
  -1.3751862e+00  -7.0584460e-01
  -1.3777669e+00  -6.9050936e-01
  -1.3803476e+00  -6.7517411e-01
  -1.3829283e+00  -6.5983887e-01
  -1.3841237e+00  -6.4436527e-01
  -1.3846271e+00  -6.2882255e-01
  -1.3851305e+00  -6.1327983e-01
  -1.3856339e+00  -5.9773711e-01
  -1.3860465e+00  -5.8219187e-01
  -1.3864049e+00  -5.6664513e-01
  -1.3867633e+00  -5.5109839e-01
  -1.3871216e+00  -5.3555165e-01
  -1.3888775e+00  -5.2014539e-01
  -1.3916206e+00  -5.0483836e-01
  -1.3943636e+00  -4.8953132e-01
  -1.3971067e+00  -4.7422429e-01
  -1.3982478e+00  -4.5878486e-01
  -1.3980550e+00  -4.4323519e-01
  -1.3978622e+00  -4.2768551e-01
  -1.3976694e+00  -4.1213584e-01
  -1.3987760e+00  -3.9667806e-01
  -1.4011553e+00  -3.8131027e-01
  -1.4035345e+00  -3.6594248e-01
  -1.4059137e+00  -3.5057469e-01
  -1.4077473e+00  -3.3514355e-01
  -1.4089526e+00  -3.1963946e-01
  -1.4101579e+00  -3.0413537e-01
  -1.4113632e+00  -2.8863128e-01
  -1.4114410e+00  -2.7313615e-01
  -1.4099897e+00  -2.5765315e-01
  -1.4085384e+00  -2.4217015e-01
  -1.4070870e+00  -2.2668716e-01
  -1.4100726e+00  -2.1261000e-01
  -1.4201755e+00  -2.0078798e-01
  -1.4302785e+00  -1.8896597e-01
  -1.4403814e+00  -1.7714396e-01
  -1.4522077e+00  -1.7063537e-01
  -1.4673261e+00  -1.7427730e-01
  -1.4824445e+00  -1.7791923e-01
  -1.4975629e+00  -1.8156115e-01
  -1.5127133e+00  -1.8506027e-01
  -1.5279375e+00  -1.8823110e-01
  -1.5431617e+00  -1.9140194e-01
  -1.5583859e+00  -1.9457278e-01
  -1.5728017e+00  -1.9946140e-01
  -1.5849496e+00  -2.0917015e-01
  -1.5970974e+00  -2.1887891e-01
  -1.6092452e+00  -2.2858766e-01
  -1.6210906e+00  -2.3862818e-01
  -1.6318781e+00  -2.4982903e-01
  -1.6426656e+00  -2.6102987e-01
  -1.6534531e+00  -2.7223072e-01
  -1.6642754e+00  -2.8339749e-01
  -1.6752541e+00  -2.9441108e-01
  -1.6862327e+00  -3.0542466e-01
  -1.6972114e+00  -3.1643825e-01
  -1.7080943e+00  -3.2754173e-01
  -1.7183966e+00  -3.3919039e-01
  -1.7286990e+00  -3.5083905e-01
  -1.7390013e+00  -3.6248770e-01
  -1.7496652e+00  -3.7366803e-01
  -1.7635431e+00  -3.8068461e-01
  -1.7774210e+00  -3.8770120e-01
  -1.7912990e+00  -3.9471778e-01
  -1.8052785e+00  -4.0131868e-01
  -1.8208284e+00  -4.0149121e-01
  -1.8363783e+00  -4.0166374e-01
  -1.8519282e+00  -4.0183628e-01
  -1.8673383e+00  -4.0174287e-01
  -1.8760084e+00  -3.8883326e-01
  -1.8846786e+00  -3.7592366e-01
  -1.8933487e+00  -3.6301405e-01
  -1.9020189e+00  -3.5010445e-01
  -1.8950815e+00  -3.3636776e-01
  -1.8878243e+00  -3.2261412e-01
  -1.8805671e+00  -3.0886048e-01
  -1.8733099e+00  -2.9510684e-01
  -1.8679016e+00  -2.8053576e-01
  -1.8626123e+00  -2.6591205e-01
  -1.8573230e+00  -2.5128834e-01
  -1.8520337e+00  -2.3666463e-01
  -1.8441241e+00  -2.2331112e-01
  -1.8359204e+00  -2.1010016e-01
  -1.8277168e+00  -1.9688919e-01
  -1.8195131e+00  -1.8367823e-01
  -1.8172610e+00  -1.6850278e-01
  -1.8159881e+00  -1.5300409e-01
  -1.8147152e+00  -1.3750541e-01
  -1.8134423e+00  -1.2200672e-01
  -1.8214318e+00  -1.0947717e-01
  -1.8314780e+00  -9.7606910e-02
  -1.8415242e+00  -8.5736648e-02
  -1.8515705e+00  -7.3866387e-02
  -1.8439102e+00  -6.4266947e-02
  -1.8311937e+00  -5.5315955e-02
  -1.8184772e+00  -4.6364964e-02
  -1.8057607e+00  -3.7413972e-02
  -1.8106672e+00  -2.7093175e-02
  -1.8218478e+00  -1.6284700e-02
  -1.8330284e+00  -5.4762253e-03
  -1.8442091e+00   5.3322498e-03
  -1.8443724e+00   1.8956092e-02
  -1.8397478e+00   3.3803422e-02
  -1.8351233e+00   4.8650751e-02
  -1.8304987e+00   6.3498080e-02
  -1.8255170e+00   7.8226879e-02
  -1.8203484e+00   9.2893706e-02
  -1.8151799e+00   1.0756053e-01
  -1.8100114e+00   1.2222736e-01
  -1.8133431e+00   1.3582997e-01
  -1.8219680e+00   1.4876989e-01
  -1.8305928e+00   1.6170982e-01
  -1.8392177e+00   1.7464975e-01
  -1.8463217e+00   1.8840368e-01
  -1.8523055e+00   2.0275720e-01
  -1.8582893e+00   2.1711072e-01
  -1.8642731e+00   2.3146424e-01
  -1.8715236e+00   2.4515694e-01
  -1.8798730e+00   2.5827627e-01
  -1.8882224e+00   2.7139560e-01
  -1.8965718e+00   2.8451493e-01
  -1.8992036e+00   2.9867313e-01
  -1.8960029e+00   3.1389106e-01
  -1.8928022e+00   3.2910899e-01
  -1.8896016e+00   3.4432691e-01
  -1.8813228e+00   3.5532807e-01
  -1.8669521e+00   3.6127070e-01
  -1.8525815e+00   3.6721333e-01
  -1.8382109e+00   3.7315597e-01
  -1.8238683e+00   3.7410877e-01
  -1.8095652e+00   3.6800529e-01
  -1.7952622e+00   3.6190181e-01
  -1.7809592e+00   3.5579832e-01
  -1.7682039e+00   3.4757629e-01
  -1.7580411e+00   3.3580565e-01
  -1.7478784e+00   3.2403501e-01
  -1.7377156e+00   3.1226436e-01
  -1.7267473e+00   3.0136970e-01
  -1.7141682e+00   2.9222656e-01
  -1.7015892e+00   2.8308343e-01
  -1.6890101e+00   2.7394030e-01
  -1.6768074e+00   2.6434418e-01
  -1.6655125e+00   2.5365513e-01
  -1.6542177e+00   2.4296608e-01
  -1.6429228e+00   2.3227703e-01
  -1.6313219e+00   2.2195344e-01
  -1.6188155e+00   2.1271121e-01
  -1.6063090e+00   2.0346899e-01
  -1.5938026e+00   1.9422676e-01
  -1.5807164e+00   1.8628781e-01
  -1.5654777e+00   1.8318741e-01
  -1.5502391e+00   1.8008700e-01
  -1.5350004e+00   1.7698660e-01
  -1.5198864e+00   1.7345933e-01
  -1.5053733e+00   1.6787355e-01
  -1.4908603e+00   1.6228776e-01
  -1.4763472e+00   1.5670198e-01
  -1.4622490e+00   1.5324605e-01
  -1.4508936e+00   1.6387074e-01
  -1.4395382e+00   1.7449543e-01
  -1.4281828e+00   1.8512011e-01
  -1.4177751e+00   1.9619023e-01
  -1.4168421e+00   2.1171309e-01
  -1.4159090e+00   2.2723594e-01
  -1.4149759e+00   2.4275879e-01
  -1.4141297e+00   2.5828205e-01
  -1.4149163e+00   2.7381302e-01
  -1.4157029e+00   2.8934398e-01
  -1.4164894e+00   3.0487495e-01
  -1.4171438e+00   3.2034559e-01
  -1.4048936e+00   3.2992479e-01
  -1.3926434e+00   3.3950399e-01
  -1.3803931e+00   3.4908320e-01
  -1.3681429e+00   3.5866240e-01
  -1.3527057e+00   3.5959771e-01
  -1.3371691e+00   3.6026317e-01
  -1.3216325e+00   3.6092862e-01
  -1.3060959e+00   3.6159408e-01
  -1.2905470e+00   3.6146744e-01
  -1.2749973e+00   3.6128058e-01
  -1.2594475e+00   3.6109371e-01
  -1.2438978e+00   3.6090685e-01
  -1.2283475e+00   3.6077999e-01
  -1.2127970e+00   3.6066062e-01
  -1.1972466e+00   3.6054125e-01
  -1.1816962e+00   3.6042188e-01
  -1.1661455e+00   3.6036016e-01
  -1.1505947e+00   3.6030873e-01
  -1.1350439e+00   3.6025730e-01
  -1.1194931e+00   3.6020587e-01
  -1.1041361e+00   3.5799737e-01
  -1.0888251e+00   3.5527665e-01
  -1.0735141e+00   3.5255592e-01
  -1.0582031e+00   3.4983520e-01
  -1.0494175e+00   3.3847040e-01
  -1.0426061e+00   3.2449064e-01
  -1.0357947e+00   3.1051088e-01
  -1.0289832e+00   2.9653112e-01
  -1.0233921e+00   2.8204271e-01
  -1.0182585e+00   2.6736362e-01
  -1.0131249e+00   2.5268453e-01
  -1.0079913e+00   2.3800545e-01
  -1.0011644e+00   2.2408962e-01
  -9.9356563e-01   2.1052168e-01
  -9.8596691e-01   1.9695374e-01
  -9.7836819e-01   1.8338580e-01
  -9.6677232e-01   1.7393190e-01
  -9.5299104e-01   1.6672733e-01
  -9.3920976e-01   1.5952276e-01
  -9.2542848e-01   1.5231819e-01
  -9.1057515e-01   1.4938103e-01
  -8.9502514e-01   1.4921709e-01
  -8.7947514e-01   1.4905314e-01
  -8.6392513e-01   1.4888920e-01
  -8.4851067e-01   1.4727692e-01
  -8.3320026e-01   1.4455277e-01
  -8.1788986e-01   1.4182861e-01
  -8.0257945e-01   1.3910446e-01
  -7.8732359e-01   1.3610185e-01
  -7.7211703e-01   1.3284763e-01
  -7.5691047e-01   1.2959340e-01
  -7.4170390e-01   1.2633917e-01
  -7.2646780e-01   1.2322993e-01
  -7.1120031e-01   1.2027471e-01
  -6.9593282e-01   1.1731949e-01
  -6.8066533e-01   1.1436427e-01
  -6.6543818e-01   1.1121553e-01
  -6.5026144e-01   1.0782493e-01
  -6.3508470e-01   1.0443433e-01
  -6.1990796e-01   1.0104373e-01
  -6.0459943e-01   9.8529915e-02
  -5.8909655e-01   9.7309148e-02
  -5.7359367e-01   9.6088381e-02
  -5.5809079e-01   9.4867614e-02
  -5.4257356e-01   9.3903748e-02
  -5.2703119e-01   9.3389399e-02
  -5.1148883e-01   9.2875050e-02
  -4.9594647e-01   9.2360702e-02
  -4.8067707e-01   9.0370683e-02
  -4.6597912e-01   8.5291341e-02
  -4.5128116e-01   8.0212000e-02
  -4.3658321e-01   7.5132659e-02
  -4.2199488e-01   6.9768516e-02
  -4.0768448e-01   6.3682282e-02
  -3.9337409e-01   5.7596047e-02
  -3.7906370e-01   5.1509813e-02
  -3.6447990e-01   4.6445936e-02
  -3.4904180e-01   4.4576552e-02
  -3.3360370e-01   4.2707168e-02
  -3.1816560e-01   4.0837785e-02
  -3.0270490e-01   3.9380523e-02
  -2.8715496e-01   3.9550949e-02
  -2.7160503e-01   3.9721374e-02
  -2.5605509e-01   3.9891800e-02
  -2.4051620e-01   4.0271672e-02
  -2.2503461e-01   4.1737925e-02
  -2.0955302e-01   4.3204179e-02
  -1.9407143e-01   4.4670433e-02
  -1.7858988e-01   4.5780708e-02
  -1.6310867e-01   4.4310460e-02
  -1.4762746e-01   4.2840212e-02
  -1.3214625e-01   4.1369964e-02
  -1.1668256e-01   3.9778384e-02
  -1.0141827e-01   3.6806716e-02
  -8.6153969e-02   3.3835048e-02
  -7.0889672e-02   3.0863380e-02
  -5.5679698e-02   2.7731647e-02
  -4.1759774e-02   2.0798735e-02
  -2.7839849e-02   1.3865824e-02
  -1.3919925e-02   6.9329118e-03
