   0.0000000e+00   0.0000000e+00
  -1.3311071e-02  -8.0400877e-03
  -2.6622141e-02  -1.6080175e-02
  -3.9933212e-02  -2.4120263e-02
  -5.3244283e-02  -3.2160351e-02
  -6.7596271e-02  -2.6808012e-02
  -8.1989798e-02  -2.0921247e-02
  -9.6383324e-02  -1.5034481e-02
  -1.1077685e-01  -9.1477154e-03
  -1.2472167e-01  -2.2724793e-03
  -1.3862811e-01   4.6873062e-03
  -1.5253454e-01   1.1647092e-02
  -1.6644098e-01   1.8606877e-02
  -1.7954837e-01   2.6954153e-02
  -1.9254760e-01   3.5489236e-02
  -2.0554683e-01   4.4024318e-02
  -2.1854606e-01   5.2559400e-02
  -2.3071576e-01   6.2221382e-02
  -2.4272789e-01   7.2097441e-02
  -2.5474001e-01   8.1973501e-02
  -2.6675213e-01   9.1849561e-02
  -2.7823065e-01   1.0233325e-01
  -2.8957571e-01   1.1296891e-01
  -3.0092076e-01   1.2360457e-01
  -3.1226582e-01   1.3424023e-01
  -3.2506913e-01   1.4296203e-01
  -3.3833417e-01   1.5107784e-01
  -3.5159921e-01   1.5919364e-01
  -3.6486425e-01   1.6730945e-01
  -3.7765637e-01   1.7613581e-01
  -3.9026374e-01   1.8523976e-01
  -4.0287111e-01   1.9434371e-01
  -4.1547847e-01   2.0344766e-01
  -4.2949108e-01   2.0288708e-01
  -4.4416906e-01   1.9775047e-01
  -4.5884703e-01   1.9261386e-01
  -4.7352500e-01   1.8747725e-01
  -4.8868594e-01   1.8440840e-01
  -5.0412063e-01   1.8251159e-01
  -5.1955532e-01   1.8061478e-01
  -5.3499001e-01   1.7871798e-01
  -5.5040935e-01   1.7670250e-01
  -5.6581835e-01   1.7460717e-01
  -5.8122734e-01   1.7251185e-01
  -5.9663634e-01   1.7041652e-01
  -6.1066520e-01   1.6467593e-01
  -6.2359809e-01   1.5604066e-01
  -6.3653098e-01   1.4740539e-01
  -6.4946388e-01   1.3877012e-01
  -6.6343502e-01   1.3237024e-01
  -6.7837627e-01   1.2805901e-01
  -6.9331752e-01   1.2374778e-01
  -7.0825877e-01   1.1943655e-01
  -7.2349050e-01   1.1717825e-01
  -7.3904131e-01   1.1717501e-01
  -7.5459211e-01   1.1717177e-01
  -7.7014292e-01   1.1716853e-01
  -7.8555469e-01   1.1580050e-01
  -8.0078670e-01   1.1266783e-01
  -8.1601870e-01   1.0953516e-01
  -8.3125071e-01   1.0640249e-01
  -8.4628488e-01   1.0253907e-01
  -8.6101691e-01   9.7559632e-02
  -8.7574895e-01   9.2580197e-02
  -8.9048098e-01   8.7600762e-02
  -9.0533837e-01   8.3048117e-02
  -9.2042325e-01   7.9270002e-02
  -9.3550812e-01   7.5491886e-02
  -9.5059300e-01   7.1713771e-02
  -9.6557010e-01   6.7567288e-02
  -9.8031269e-01   6.2619169e-02
  -9.9505527e-01   5.7671051e-02
  -1.0097979e+00   5.2722932e-02
  -1.0247081e+00   4.8454946e-02
  -1.0400615e+00   4.5985405e-02
  -1.0554150e+00   4.3515864e-02
  -1.0707685e+00   4.1046323e-02
  -1.0861590e+00   3.8897863e-02
  -1.1016711e+00   3.7800381e-02
  -1.1171831e+00   3.6702899e-02
  -1.1326951e+00   3.5605417e-02
  -1.1481038e+00   3.3910938e-02
  -1.1630820e+00   2.9729837e-02
  -1.1780602e+00   2.5548736e-02
  -1.1930384e+00   2.1367635e-02
  -1.2078267e+00   1.6711110e-02
  -1.2215651e+00   9.4252305e-03
  -1.2353035e+00   2.1393506e-03
  -1.2490419e+00  -5.1465294e-03
  -1.2618240e+00  -1.3260833e-02
  -1.2670772e+00  -2.7897496e-02
  -1.2723303e+00  -4.2534159e-02
  -1.2775835e+00  -5.7170822e-02
  -1.2820567e+00  -7.1799854e-02
  -1.2765182e+00  -8.6330940e-02
  -1.2709797e+00  -1.0086203e-01
  -1.2654412e+00  -1.1539311e-01
  -1.2604011e+00  -1.2983763e-01
  -1.2705151e+00  -1.4165002e-01
  -1.2806292e+00  -1.5346242e-01
  -1.2907433e+00  -1.6527481e-01
  -1.3008574e+00  -1.7708721e-01
  -1.3147649e+00  -1.7035537e-01
  -1.3287051e+00  -1.6346345e-01
  -1.3426453e+00  -1.5657154e-01
  -1.3565855e+00  -1.4967962e-01
  -1.3680723e+00  -1.3924298e-01
  -1.3794325e+00  -1.2862358e-01
  -1.3907928e+00  -1.1800417e-01
  -1.4021531e+00  -1.0738476e-01
  -1.4131482e+00  -9.6388911e-02
  -1.4241074e+00  -8.5356088e-02
  -1.4350666e+00  -7.4323266e-02
  -1.4460258e+00  -6.3290443e-02
  -1.4568980e+00  -5.2171963e-02
  -1.4677572e+00  -4.1040699e-02
  -1.4786165e+00  -2.9909436e-02
  -1.4894757e+00  -1.8778172e-02
  -1.5037215e+00  -1.3304618e-02
  -1.5186624e+00  -8.9923425e-03
  -1.5336034e+00  -4.6800670e-03
  -1.5485443e+00  -3.6779150e-04
  -1.5639580e+00   1.0014076e-03
  -1.5794979e+00   1.5850897e-03
  -1.5950377e+00   2.1687719e-03
  -1.6105776e+00   2.7524540e-03
  -1.6261016e+00   2.1514923e-03
  -1.6416203e+00   1.1532771e-03
  -1.6571391e+00   1.5506189e-04
  -1.6726578e+00  -8.4315332e-04
  -1.6878676e+00   1.5488940e-03
  -1.7029502e+00   5.3360153e-03
  -1.7180328e+00   9.1231366e-03
  -1.7331154e+00   1.2910258e-02
  -1.7483919e+00   1.5734660e-02
  -1.7637647e+00   1.8080705e-02
  -1.7791376e+00   2.0426750e-02
  -1.7945104e+00   2.2772796e-02
  -1.8099500e+00   2.4581737e-02
  -1.8254292e+00   2.6071997e-02
  -1.8409085e+00   2.7562256e-02
  -1.8563877e+00   2.9052515e-02
  -1.8715663e+00   3.2145523e-02
  -1.8865336e+00   3.6365402e-02
  -1.9015009e+00   4.0585282e-02
  -1.9164683e+00   4.4805162e-02
  -1.9317546e+00   4.6737158e-02
  -1.9473053e+00   4.6772617e-02
  -1.9628561e+00   4.6808076e-02
  -1.9784069e+00   4.6843535e-02
  -1.9934790e+00   4.9564491e-02
  -2.0080844e+00   5.4903917e-02
  -2.0226898e+00   6.0243343e-02
  -2.0372952e+00   6.5582769e-02
  -2.0521197e+00   7.0211860e-02
  -2.0671954e+00   7.4026633e-02
  -2.0822710e+00   7.7841407e-02
  -2.0973467e+00   8.1656180e-02
  -2.1122132e+00   8.6144296e-02
  -2.1267973e+00   9.1541636e-02
  -2.1413814e+00   9.6938975e-02
  -2.1559655e+00   1.0233631e-01
  -2.1700631e+00   1.0874514e-01
  -2.1833838e+00   1.1676938e-01
  -2.1967044e+00   1.2479361e-01
  -2.2100250e+00   1.3281784e-01
  -2.2237257e+00   1.4008010e-01
  -2.2381491e+00   1.4589334e-01
  -2.2525725e+00   1.5170657e-01
  -2.2669958e+00   1.5751981e-01
  -2.2816068e+00   1.6276701e-01
  -2.2966469e+00   1.6671978e-01
  -2.3116870e+00   1.7067256e-01
  -2.3267270e+00   1.7462533e-01
  -2.3408966e+00   1.8022544e-01
  -2.3526365e+00   1.9042362e-01
  -2.3643763e+00   2.0062180e-01
  -2.3761162e+00   2.1081998e-01
  -2.3829479e+00   2.2135527e-01
  -2.3727126e+00   2.3306278e-01
  -2.3624773e+00   2.4477029e-01
  -2.3522420e+00   2.5647781e-01
  -2.3413166e+00   2.6727914e-01
  -2.3273089e+00   2.7403285e-01
  -2.3133013e+00   2.8078657e-01
  -2.2992936e+00   2.8754028e-01
  -2.2852425e+00   2.9419832e-01
  -2.2709305e+00   3.0028056e-01
  -2.2566185e+00   3.0636280e-01
  -2.2423065e+00   3.1244505e-01
  -2.2278683e+00   3.1793298e-01
  -2.2123196e+00   3.1819152e-01
  -2.1967710e+00   3.1845006e-01
  -2.1812223e+00   3.1870860e-01
  -2.1656833e+00   3.1908802e-01
  -2.1502917e+00   3.2130775e-01
  -2.1349002e+00   3.2352748e-01
  -2.1195086e+00   3.2574722e-01
  -2.1041348e+00   3.2803597e-01
  -2.0895772e+00   3.3350457e-01
  -2.0750197e+00   3.3897317e-01
  -2.0604621e+00   3.4444177e-01
  -2.0459046e+00   3.4991037e-01
  -2.0305300e+00   3.5219893e-01
  -2.0151393e+00   3.5442522e-01
  -1.9997487e+00   3.5665151e-01
  -1.9843581e+00   3.5887779e-01
  -1.9688186e+00   3.5878466e-01
  -1.9532696e+00   3.5854439e-01
  -1.9377207e+00   3.5830411e-01
  -1.9221717e+00   3.5806384e-01
  -1.9066211e+00   3.5802040e-01
  -1.8910703e+00   3.5799884e-01
  -1.8755195e+00   3.5797729e-01
  -1.8599688e+00   3.5795573e-01
  -1.8448104e+00   3.6116766e-01
  -1.8297161e+00   3.6490812e-01
  -1.8146218e+00   3.6864858e-01
  -1.7995276e+00   3.7238904e-01
  -1.7916141e+00   3.8470120e-01
  -1.7852866e+00   3.9890647e-01
  -1.7789590e+00   4.1311175e-01
  -1.7726315e+00   4.2731702e-01
  -1.7681878e+00   4.4218136e-01
  -1.7642795e+00   4.5723305e-01
  -1.7603713e+00   4.7228473e-01
  -1.7564630e+00   4.8733642e-01
  -1.7517223e+00   5.0213795e-01
  -1.7466864e+00   5.1685079e-01
  -1.7416506e+00   5.3156362e-01
  -1.7366147e+00   5.4627646e-01
  -1.7323947e+00   5.6123325e-01
  -1.7285281e+00   5.7629567e-01
  -1.7246614e+00   5.9135809e-01
  -1.7207947e+00   6.0642051e-01
  -1.7156064e+00   6.2104579e-01
  -1.7097292e+00   6.3544325e-01
  -1.7038521e+00   6.4984071e-01
  -1.6979750e+00   6.6423818e-01
  -1.6882623e+00   6.7578421e-01
  -1.6761685e+00   6.8556019e-01
  -1.6640748e+00   6.9533616e-01
  -1.6519811e+00   7.0511214e-01
  -1.6388241e+00   7.0527562e-01
  -1.6248862e+00   6.9837908e-01
  -1.6109483e+00   6.9148254e-01
  -1.5970104e+00   6.8458601e-01
  -1.5911280e+00   6.7307008e-01
  -1.5922156e+00   6.5755735e-01
  -1.5933031e+00   6.4204461e-01
  -1.5943906e+00   6.2653188e-01
  -1.5949168e+00   6.1100030e-01
  -1.5948720e+00   5.9544956e-01
  -1.5948272e+00   5.7989882e-01
  -1.5947824e+00   5.6434807e-01
  -1.5945475e+00   5.4880043e-01
  -1.5940852e+00   5.3325650e-01
  -1.5936229e+00   5.1771256e-01
  -1.5931605e+00   5.0216863e-01
  -1.5892516e+00   4.8774575e-01
  -1.5804812e+00   4.7490408e-01
  -1.5717108e+00   4.6206242e-01
  -1.5629405e+00   4.4922075e-01
  -1.5538420e+00   4.3662039e-01
  -1.5441955e+00   4.2442317e-01
  -1.5345490e+00   4.1222594e-01
  -1.5249025e+00   4.0002872e-01
  -1.5133182e+00   3.9130958e-01
  -1.4978700e+00   3.8952543e-01
  -1.4824219e+00   3.8774129e-01
  -1.4669738e+00   3.8595715e-01
  -1.4514955e+00   3.8470203e-01
  -1.4359447e+00   3.8471985e-01
  -1.4203939e+00   3.8473767e-01
  -1.4048431e+00   3.8475549e-01
  -1.3892924e+00   3.8475943e-01
  -1.3737416e+00   3.8472240e-01
  -1.3581908e+00   3.8468538e-01
  -1.3426401e+00   3.8464835e-01
  -1.3270894e+00   3.8465117e-01
  -1.3115394e+00   3.8480148e-01
  -1.2959893e+00   3.8495178e-01
  -1.2804392e+00   3.8510209e-01
  -1.2648895e+00   3.8517454e-01
  -1.2493416e+00   3.8487291e-01
  -1.2337937e+00   3.8457128e-01
  -1.2182459e+00   3.8426966e-01
  -1.2027009e+00   3.8412504e-01
  -1.1871756e+00   3.8501420e-01
  -1.1716502e+00   3.8590337e-01
  -1.1561248e+00   3.8679253e-01
  -1.1406479e+00   3.8797693e-01
  -1.1256523e+00   3.9209508e-01
  -1.1106567e+00   3.9621323e-01
  -1.0956611e+00   4.0033139e-01
  -1.0806820e+00   4.0450250e-01
  -1.0660107e+00   4.0965802e-01
  -1.0513393e+00   4.1481354e-01
  -1.0366680e+00   4.1996906e-01
  -1.0219909e+00   4.2510391e-01
  -1.0067734e+00   4.2830648e-01
  -9.9155595e-01   4.3150905e-01
  -9.7633849e-01   4.3471162e-01
  -9.6112102e-01   4.3791419e-01
  -9.4718845e-01   4.3123163e-01
  -9.3329538e-01   4.2424521e-01
  -9.1940230e-01   4.1725879e-01
  -9.0550923e-01   4.1027237e-01
  -8.9307676e-01   4.0096151e-01
  -8.8075465e-01   3.9147504e-01
  -8.6843254e-01   3.8198857e-01
  -8.5611042e-01   3.7250210e-01
  -8.4112437e-01   3.6906593e-01
  -8.2580680e-01   3.6638270e-01
  -8.1048924e-01   3.6369947e-01
  -7.9517167e-01   3.6101623e-01
  -7.7966901e-01   3.6002712e-01
  -7.6413341e-01   3.5933954e-01
  -7.4859782e-01   3.5865196e-01
  -7.3306222e-01   3.5796439e-01
  -7.1757554e-01   3.5907192e-01
  -7.0210046e-01   3.6060471e-01
  -6.8662538e-01   3.6213750e-01
  -6.7115030e-01   3.6367028e-01
  -6.5600217e-01   3.6101726e-01
  -6.4095277e-01   3.5710020e-01
  -6.2590338e-01   3.5318314e-01
  -6.1085399e-01   3.4926608e-01
  -5.9581905e-01   3.4529406e-01
  -5.8078952e-01   3.4130145e-01
  -5.6575999e-01   3.3730885e-01
  -5.5073046e-01   3.3331624e-01
  -5.3539636e-01   3.3099784e-01
  -5.1992363e-01   3.2944147e-01
  -5.0445090e-01   3.2788510e-01
  -4.8897818e-01   3.2632873e-01
  -4.7346355e-01   3.2619484e-01
  -4.5792604e-01   3.2683777e-01
  -4.4238852e-01   3.2748069e-01
  -4.2685101e-01   3.2812362e-01
  -4.1305882e-01   3.3385324e-01
  -4.0039964e-01   3.4288501e-01
  -3.8774046e-01   3.5191678e-01
  -3.7508128e-01   3.6094854e-01
  -3.6388042e-01   3.7156930e-01
  -3.5379805e-01   3.8340879e-01
  -3.4371568e-01   3.9524828e-01
  -3.3363331e-01   4.0708776e-01
  -3.2509860e-01   4.1996602e-01
  -3.1796126e-01   4.3378217e-01
  -3.1082392e-01   4.4759831e-01
  -3.0368657e-01   4.6141446e-01
  -2.9417297e-01   4.7330523e-01
  -2.8213706e-01   4.8315229e-01
  -2.7010115e-01   4.9299934e-01
  -2.5806524e-01   5.0284640e-01
  -2.4519376e-01   5.1140195e-01
  -2.3127874e-01   5.1834456e-01
  -2.1736372e-01   5.2528717e-01
  -2.0344870e-01   5.3222978e-01
  -1.9457140e-01   5.3010712e-01
  -1.9311856e-01   5.1462433e-01
  -1.9166572e-01   4.9914153e-01
  -1.9021288e-01   4.8365874e-01
  -1.9192075e-01   4.6880079e-01
  -1.9915564e-01   4.5503547e-01
  -2.0639053e-01   4.4127015e-01
  -2.1362541e-01   4.2750483e-01
  -2.1852108e-01   4.1316210e-01
  -2.1852257e-01   3.9761129e-01
  -2.1852405e-01   3.8206049e-01
  -2.1852554e-01   3.6650968e-01
  -2.1879427e-01   3.5096702e-01
  -2.1974021e-01   3.3544501e-01
  -2.2068615e-01   3.1992300e-01
  -2.2163209e-01   3.0440099e-01
  -2.2141306e-01   2.8898986e-01
  -2.1755582e-01   2.7392503e-01
  -2.1369857e-01   2.5886019e-01
  -2.0984132e-01   2.4379535e-01
  -2.0495355e-01   2.2920587e-01
  -1.9599766e-01   2.1649290e-01
  -1.8704177e-01   2.0377993e-01
  -1.7808588e-01   1.9106696e-01
  -1.6929773e-01   1.7824553e-01
  -1.6137922e-01   1.6486177e-01
  -1.5346071e-01   1.5147802e-01
  -1.4554221e-01   1.3809427e-01
  -1.3732140e-01   1.2493273e-01
  -1.2691018e-01   1.1338136e-01
  -1.1649896e-01   1.0182999e-01
  -1.0608775e-01   9.0278620e-02
  -9.5480074e-02   7.8952028e-02
  -8.2638916e-02   7.0180923e-02
  -6.9797758e-02   6.1409818e-02
  -5.6956600e-02   5.2638714e-02
  -4.4187969e-02   4.3779735e-02
  -3.3140977e-02   3.2834801e-02
  -2.2093985e-02   2.1889867e-02
  -1.1046992e-02   1.0944934e-02
