   0.0000000e+00   0.0000000e+00
  -1.4252173e-02  -6.2212561e-03
  -2.8504346e-02  -1.2442512e-02
  -4.2756519e-02  -1.8663768e-02
  -5.7008693e-02  -2.4885024e-02
  -7.1966714e-02  -2.1141275e-02
  -8.6953524e-02  -1.6991096e-02
  -1.0194033e-01  -1.2840916e-02
  -1.1692714e-01  -8.6907357e-03
  -1.3224198e-01  -6.0292769e-03
  -1.4758518e-01  -3.4965814e-03
  -1.6292839e-01  -9.6388582e-04
  -1.7827159e-01   1.5688097e-03
  -1.9223635e-01   8.2202048e-03
  -2.0601310e-01   1.5433354e-02
  -2.1978986e-01   2.2646502e-02
  -2.3356661e-01   2.9859651e-02
  -2.4681102e-01   3.7995822e-02
  -2.5995369e-01   4.6308378e-02
  -2.7309636e-01   5.4620933e-02
  -2.8623904e-01   6.2933489e-02
  -3.0011773e-01   6.9906528e-02
  -3.1418141e-01   7.6542898e-02
  -3.2824509e-01   8.3179268e-02
  -3.4230877e-01   8.9815638e-02
  -3.5551518e-01   9.7967625e-02
  -3.6844900e-01   1.0660156e-01
  -3.8138281e-01   1.1523550e-01
  -3.9431663e-01   1.2386944e-01
  -4.0667944e-01   1.3328341e-01
  -4.1881833e-01   1.4300328e-01
  -4.3095723e-01   1.5272314e-01
  -4.4309612e-01   1.6244300e-01
  -4.5484123e-01   1.7262657e-01
  -4.6639922e-01   1.8303048e-01
  -4.7795721e-01   1.9343438e-01
  -4.8951521e-01   2.0383829e-01
  -5.0269264e-01   2.1179328e-01
  -5.1679100e-01   2.1835565e-01
  -5.3088937e-01   2.2491801e-01
  -5.4498773e-01   2.3148037e-01
  -5.5979652e-01   2.3242548e-01
  -5.7508474e-01   2.2957969e-01
  -5.9037297e-01   2.2673389e-01
  -6.0566120e-01   2.2388810e-01
  -6.1851996e-01   2.1646546e-01
  -6.2944372e-01   2.0539749e-01
  -6.4036747e-01   1.9432951e-01
  -6.5129123e-01   1.8326154e-01
  -6.6361072e-01   1.7403991e-01
  -6.7723818e-01   1.6654853e-01
  -6.9086564e-01   1.5905715e-01
  -7.0449310e-01   1.5156577e-01
  -7.1903397e-01   1.4747759e-01
  -7.3458111e-01   1.4713856e-01
  -7.5012825e-01   1.4679954e-01
  -7.6567539e-01   1.4646052e-01
  -7.8115559e-01   1.4530807e-01
  -7.9654897e-01   1.4310079e-01
  -8.1194236e-01   1.4089352e-01
  -8.2733575e-01   1.3868625e-01
  -8.4251641e-01   1.3553377e-01
  -8.5737122e-01   1.3093343e-01
  -8.7222603e-01   1.2633308e-01
  -8.8708084e-01   1.2173274e-01
  -9.0174476e-01   1.1661063e-01
  -9.1606119e-01   1.1053871e-01
  -9.3037762e-01   1.0446678e-01
  -9.4469405e-01   9.8394860e-02
  -9.5922935e-01   9.2956902e-02
  -9.7424250e-01   8.8903026e-02
  -9.8925565e-01   8.4849150e-02
  -1.0042688e+00   8.0795274e-02
  -1.0191810e+00   7.6418968e-02
  -1.0338254e+00   7.1187294e-02
  -1.0484698e+00   6.5955620e-02
  -1.0631141e+00   6.0723946e-02
  -1.0777340e+00   5.5425568e-02
  -1.0922730e+00   4.9907981e-02
  -1.1068121e+00   4.4390394e-02
  -1.1213512e+00   3.8872807e-02
  -1.1360812e+00   3.4260086e-02
  -1.1516100e+00   3.3433895e-02
  -1.1671389e+00   3.2607704e-02
  -1.1826678e+00   3.1781513e-02
  -1.1975521e+00   2.9452607e-02
  -1.2088535e+00   1.8770503e-02
  -1.2201549e+00   8.0884000e-03
  -1.2314562e+00  -2.5937034e-03
  -1.2427985e+00  -1.3231032e-02
  -1.2544645e+00  -2.3513626e-02
  -1.2661306e+00  -3.3796221e-02
  -1.2777966e+00  -4.4078815e-02
  -1.2893982e+00  -5.4428686e-02
  -1.3001639e+00  -6.5650453e-02
  -1.3109296e+00  -7.6872220e-02
  -1.3216953e+00  -8.8093987e-02
  -1.3321900e+00  -9.9446496e-02
  -1.3342727e+00  -1.1485723e-01
  -1.3363554e+00  -1.3026797e-01
  -1.3384381e+00  -1.4567870e-01
  -1.3405208e+00  -1.6108944e-01
  -1.3394475e+00  -1.7660021e-01
  -1.3383449e+00  -1.9211190e-01
  -1.3372423e+00  -2.0762360e-01
  -1.3361397e+00  -2.2313530e-01
  -1.3497614e+00  -2.2950710e-01
  -1.3641517e+00  -2.3540175e-01
  -1.3785420e+00  -2.4129641e-01
  -1.3929323e+00  -2.4719106e-01
  -1.4065763e+00  -2.4081078e-01
  -1.4201463e+00  -2.3321594e-01
  -1.4337164e+00  -2.2562110e-01
  -1.4472865e+00  -2.1802626e-01
  -1.4570931e+00  -2.0616037e-01
  -1.4663354e+00  -1.9365403e-01
  -1.4755777e+00  -1.8114770e-01
  -1.4848200e+00  -1.6864136e-01
  -1.4953686e+00  -1.5724173e-01
  -1.5061864e+00  -1.4607014e-01
  -1.5170041e+00  -1.3489855e-01
  -1.5278219e+00  -1.2372696e-01
  -1.5367965e+00  -1.1108589e-01
  -1.5452775e+00  -9.8051293e-02
  -1.5537585e+00  -8.5016692e-02
  -1.5622396e+00  -7.1982091e-02
  -1.5740920e+00  -6.2299883e-02
  -1.5870783e+00  -5.3745129e-02
  -1.6000647e+00  -4.5190375e-02
  -1.6130510e+00  -3.6635621e-02
  -1.6274394e+00  -3.1148373e-02
  -1.6424062e+00  -2.6926722e-02
  -1.6573730e+00  -2.2705071e-02
  -1.6723399e+00  -1.8483420e-02
  -1.6876949e+00  -1.7264331e-02
  -1.7032433e+00  -1.7540743e-02
  -1.7187917e+00  -1.7817155e-02
  -1.7343400e+00  -1.8093567e-02
  -1.7495344e+00  -1.5587249e-02
  -1.7645182e+00  -1.1426218e-02
  -1.7795020e+00  -7.2651876e-03
  -1.7944858e+00  -3.1041568e-03
  -1.8097230e+00  -1.8417663e-04
  -1.8251387e+00   1.8614460e-03
  -1.8405544e+00   3.9070686e-03
  -1.8559701e+00   5.9526913e-03
  -1.8713482e+00   8.2520765e-03
  -1.8866951e+00   1.0762256e-02
  -1.9020420e+00   1.3272436e-02
  -1.9173889e+00   1.5782615e-02
  -1.9322159e+00   2.0091297e-02
  -1.9465349e+00   2.6157076e-02
  -1.9608540e+00   3.2222855e-02
  -1.9751730e+00   3.8288634e-02
  -1.9897820e+00   4.3536505e-02
  -2.0047241e+00   4.7844841e-02
  -2.0196662e+00   5.2153178e-02
  -2.0346083e+00   5.6461514e-02
  -2.0492569e+00   6.1583693e-02
  -2.0635082e+00   6.7806935e-02
  -2.0777595e+00   7.4030178e-02
  -2.0920108e+00   8.0253420e-02
  -2.1065177e+00   8.5774563e-02
  -2.1214338e+00   9.0172284e-02
  -2.1363498e+00   9.4570006e-02
  -2.1512659e+00   9.8967727e-02
  -2.1662445e+00   1.0313432e-01
  -2.1813423e+00   1.0686054e-01
  -2.1964401e+00   1.1058675e-01
  -2.2115379e+00   1.1431297e-01
  -2.2265668e+00   1.1828896e-01
  -2.2414375e+00   1.2283755e-01
  -2.2563082e+00   1.2738614e-01
  -2.2711790e+00   1.3193473e-01
  -2.2831256e+00   1.3925852e-01
  -2.2868913e+00   1.5434652e-01
  -2.2906570e+00   1.6943453e-01
  -2.2944227e+00   1.8452253e-01
  -2.2945426e+00   1.9828196e-01
  -2.2819524e+00   2.0740976e-01
  -2.2693623e+00   2.1653756e-01
  -2.2567721e+00   2.2566536e-01
  -2.2441795e+00   2.3478978e-01
  -2.2315760e+00   2.4389910e-01
  -2.2189725e+00   2.5300842e-01
  -2.2063690e+00   2.6211773e-01
  -2.1935020e+00   2.7074665e-01
  -2.1790445e+00   2.7647452e-01
  -2.1645870e+00   2.8220238e-01
  -2.1501295e+00   2.8793025e-01
  -2.1356395e+00   2.9356832e-01
  -2.1208626e+00   2.9841308e-01
  -2.1060857e+00   3.0325784e-01
  -2.0913088e+00   3.0810260e-01
  -2.0765511e+00   3.1300051e-01
  -2.0620874e+00   3.1871294e-01
  -2.0476238e+00   3.2442538e-01
  -2.0331602e+00   3.3013782e-01
  -2.0186928e+00   3.3584023e-01
  -2.0040482e+00   3.4107125e-01
  -1.9894035e+00   3.4630228e-01
  -1.9747589e+00   3.5153331e-01
  -1.9601143e+00   3.5676433e-01
  -1.9470083e+00   3.6512011e-01
  -1.9339330e+00   3.7353819e-01
  -1.9208576e+00   3.8195628e-01
  -1.9077823e+00   3.9037436e-01
  -1.8935547e+00   3.9662076e-01
  -1.8792535e+00   4.0272858e-01
  -1.8649524e+00   4.0883640e-01
  -1.8506512e+00   4.1494422e-01
  -1.8355185e+00   4.1840380e-01
  -1.8202929e+00   4.2156774e-01
  -1.8050673e+00   4.2473168e-01
  -1.7898418e+00   4.2789562e-01
  -1.7804579e+00   4.3957073e-01
  -1.7720313e+00   4.5264060e-01
  -1.7636048e+00   4.6571047e-01
  -1.7551782e+00   4.7878034e-01
  -1.7512584e+00   4.9365471e-01
  -1.7483362e+00   5.0892851e-01
  -1.7454139e+00   5.2420231e-01
  -1.7424917e+00   5.3947612e-01
  -1.7385493e+00   5.5450850e-01
  -1.7343163e+00   5.6947213e-01
  -1.7300833e+00   5.8443576e-01
  -1.7258503e+00   5.9939940e-01
  -1.7222155e+00   6.1451499e-01
  -1.7187930e+00   6.2968455e-01
  -1.7153706e+00   6.4485411e-01
  -1.7119482e+00   6.6002366e-01
  -1.7075217e+00   6.7491542e-01
  -1.7026599e+00   6.8968670e-01
  -1.6977980e+00   7.0445798e-01
  -1.6929362e+00   7.1922926e-01
  -1.6886607e+00   7.3417429e-01
  -1.6846913e+00   7.4920999e-01
  -1.6807219e+00   7.6424569e-01
  -1.6767525e+00   7.7928139e-01
  -1.6667551e+00   7.8055821e-01
  -1.6530110e+00   7.7328311e-01
  -1.6392668e+00   7.6600801e-01
  -1.6255227e+00   7.5873291e-01
  -1.6177862e+00   7.4689519e-01
  -1.6144670e+00   7.3170271e-01
  -1.6111478e+00   7.1651024e-01
  -1.6078286e+00   7.0131776e-01
  -1.6037584e+00   6.8632650e-01
  -1.5990376e+00   6.7150953e-01
  -1.5943168e+00   6.5669256e-01
  -1.5895960e+00   6.4187559e-01
  -1.5869355e+00   6.2670008e-01
  -1.5863735e+00   6.1115941e-01
  -1.5858114e+00   5.9561873e-01
  -1.5852493e+00   5.8007806e-01
  -1.5828324e+00   5.6485485e-01
  -1.5781941e+00   5.5001187e-01
  -1.5735557e+00   5.3516890e-01
  -1.5689173e+00   5.2032592e-01
  -1.5603365e+00   5.0896028e-01
  -1.5461890e+00   5.0250458e-01
  -1.5320414e+00   4.9604887e-01
  -1.5178939e+00   4.8959316e-01
  -1.5032232e+00   4.8540569e-01
  -1.4876773e+00   4.8501200e-01
  -1.4721315e+00   4.8461830e-01
  -1.4565856e+00   4.8422460e-01
  -1.4410773e+00   4.8332606e-01
  -1.4256437e+00   4.8141965e-01
  -1.4102102e+00   4.7951324e-01
  -1.3947767e+00   4.7760683e-01
  -1.3793304e+00   4.7581550e-01
  -1.3638534e+00   4.7430144e-01
  -1.3483765e+00   4.7278738e-01
  -1.3328995e+00   4.7127332e-01
  -1.3174042e+00   4.7019263e-01
  -1.3018547e+00   4.7039204e-01
  -1.2863051e+00   4.7059145e-01
  -1.2707555e+00   4.7079086e-01
  -1.2552757e+00   4.7027117e-01
  -1.2400545e+00   4.6708633e-01
  -1.2248333e+00   4.6390148e-01
  -1.2096121e+00   4.6071663e-01
  -1.1944153e+00   4.5742617e-01
  -1.1793355e+00   4.5362750e-01
  -1.1642558e+00   4.4982883e-01
  -1.1491760e+00   4.4603016e-01
  -1.1340689e+00   4.4235663e-01
  -1.1187811e+00   4.3950829e-01
  -1.1034934e+00   4.3665995e-01
  -1.0882056e+00   4.3381161e-01
  -1.0729455e+00   4.3160248e-01
  -1.0579604e+00   4.3575870e-01
  -1.0429752e+00   4.3991492e-01
  -1.0279901e+00   4.4407114e-01
  -1.0129889e+00   4.4787500e-01
  -9.9768722e-01   4.4510222e-01
  -9.8238558e-01   4.4232945e-01
  -9.6708394e-01   4.3955668e-01
  -9.5182893e-01   4.3669649e-01
  -9.4100400e-01   4.2553184e-01
  -9.3017907e-01   4.1436720e-01
  -9.1935414e-01   4.0320255e-01
  -9.0852921e-01   3.9203790e-01
  -8.9419333e-01   3.8611506e-01
  -8.7974887e-01   3.8035431e-01
  -8.6530442e-01   3.7459357e-01
  -8.5085996e-01   3.6883283e-01
  -8.3539714e-01   3.6896785e-01
  -8.1985719e-01   3.6954945e-01
  -8.0431723e-01   3.7013104e-01
  -7.8877728e-01   3.7071264e-01
  -7.7343052e-01   3.7313703e-01
  -7.5810785e-01   3.7579111e-01
  -7.4278518e-01   3.7844520e-01
  -7.2746250e-01   3.8109928e-01
  -7.1308178e-01   3.7614461e-01
  -6.9886892e-01   3.6983407e-01
  -6.8465605e-01   3.6352354e-01
  -6.7044318e-01   3.5721300e-01
  -6.5649786e-01   3.5033812e-01
  -6.4261597e-01   3.4332944e-01
  -6.2873408e-01   3.3632075e-01
  -6.1485220e-01   3.2931207e-01
  -5.9969774e-01   3.2815027e-01
  -5.8415868e-01   3.2875551e-01
  -5.6861963e-01   3.2936074e-01
  -5.5308058e-01   3.2996597e-01
  -5.3965635e-01   3.3672910e-01
  -5.2702427e-01   3.4579877e-01
  -5.1439219e-01   3.5486845e-01
  -5.0176011e-01   3.6393813e-01
  -4.9138740e-01   3.7531713e-01
  -4.8204367e-01   3.8774787e-01
  -4.7269995e-01   4.0017860e-01
  -4.6335622e-01   4.1260934e-01
  -4.5350426e-01   4.2463161e-01
  -4.4337460e-01   4.3643070e-01
  -4.3324494e-01   4.4822979e-01
  -4.2311528e-01   4.6002888e-01
  -4.1433463e-01   4.7279370e-01
  -4.0643014e-01   4.8618577e-01
  -3.9852565e-01   4.9957784e-01
  -3.9062116e-01   5.1296991e-01
  -3.8109457e-01   5.2513095e-01
  -3.7032334e-01   5.3634741e-01
  -3.5955210e-01   5.4756387e-01
  -3.4878087e-01   5.5878033e-01
  -3.3809309e-01   5.7007581e-01
  -3.2748069e-01   5.8144267e-01
  -3.1686828e-01   5.9280952e-01
  -3.0625588e-01   6.0417638e-01
  -2.9639923e-01   6.0389834e-01
  -2.8734506e-01   5.9125514e-01
  -2.7829089e-01   5.7861194e-01
  -2.6923673e-01   5.6596874e-01
  -2.6574156e-01   5.5220510e-01
  -2.6919120e-01   5.3704171e-01
  -2.7264085e-01   5.2187832e-01
  -2.7609049e-01   5.0671493e-01
  -2.7978510e-01   4.9161246e-01
  -2.8384085e-01   4.7659982e-01
  -2.8789660e-01   4.6158718e-01
  -2.9195234e-01   4.4657454e-01
  -2.9505628e-01   4.3139040e-01
  -2.9649539e-01   4.1590630e-01
  -2.9793449e-01   4.0042220e-01
  -2.9937360e-01   3.8493810e-01
  -3.0012966e-01   3.6943713e-01
  -2.9945624e-01   3.5390089e-01
  -2.9878282e-01   3.3836464e-01
  -2.9810940e-01   3.2282839e-01
  -2.9593008e-01   3.0762823e-01
  -2.8993388e-01   2.9327992e-01
  -2.8393769e-01   2.7893160e-01
  -2.7794149e-01   2.6458329e-01
  -2.7122529e-01   2.5063315e-01
  -2.6226003e-01   2.3792674e-01
  -2.5329478e-01   2.2522034e-01
  -2.4432952e-01   2.1251394e-01
  -2.3509972e-01   2.0001631e-01
  -2.2482535e-01   1.8834301e-01
  -2.1455099e-01   1.7666971e-01
  -2.0427663e-01   1.6499641e-01
  -1.9389624e-01   1.5342200e-01
  -1.8296601e-01   1.4236042e-01
  -1.7203578e-01   1.3129885e-01
  -1.6110555e-01   1.2023727e-01
  -1.4989720e-01   1.0952476e-01
  -1.3667322e-01   1.0134217e-01
  -1.2344924e-01   9.3159568e-02
  -1.1022527e-01   8.4976971e-02
  -9.7007395e-02   7.6784609e-02
  -8.3858927e-02   6.8481221e-02
  -7.0710459e-02   6.0177832e-02
  -5.7561992e-02   5.1874444e-02
  -4.4495352e-02   4.3467448e-02
  -3.3371514e-02   3.2600586e-02
  -2.2247676e-02   2.1733724e-02
  -1.1123838e-02   1.0866862e-02
