   4.5604603e+00   8.9566247e+00
   4.5693074e+00   8.9386429e+00
   4.5781546e+00   8.9206611e+00
   4.5870017e+00   8.9026793e+00
   4.5958364e+00   8.8846914e+00
   4.6044390e+00   8.8665914e+00
   4.6130417e+00   8.8484913e+00
   4.6216444e+00   8.8303913e+00
   4.6302470e+00   8.8122912e+00
   4.6418247e+00   8.7959518e+00
   4.6535507e+00   8.7797000e+00
   4.6652767e+00   8.7634483e+00
   4.6770027e+00   8.7471966e+00
   4.6945128e+00   8.7525706e+00
   4.7127862e+00   8.7607986e+00
   4.7310596e+00   8.7690266e+00
   4.7448202e+00   8.7819837e+00
   4.7538941e+00   8.7998521e+00
   4.7629680e+00   8.8177206e+00
   4.7720420e+00   8.8355890e+00
   4.7786777e+00   8.8541792e+00
   4.7807928e+00   8.8741077e+00
   4.7829079e+00   8.8940361e+00
   4.7850230e+00   8.9139646e+00
   4.7839462e+00   8.9335817e+00
   4.7780193e+00   8.9527256e+00
   4.7720924e+00   8.9718695e+00
   4.7661655e+00   8.9910134e+00
   4.7566476e+00   9.0062564e+00
   4.7370796e+00   9.0105817e+00
   4.7175115e+00   9.0149070e+00
   4.6979434e+00   9.0192323e+00
   4.6782451e+00   9.0223650e+00
   4.6582047e+00   9.0223650e+00
   4.6381643e+00   9.0223650e+00
   4.6181239e+00   9.0223650e+00
   4.5980836e+00   9.0223650e+00
   4.5780432e+00   9.0223650e+00
   4.5580028e+00   9.0223650e+00
   4.5379624e+00   9.0223650e+00
   4.5179220e+00   9.0223650e+00
   4.5236401e+00   9.0407754e+00
   4.5301285e+00   9.0597364e+00
   4.5370091e+00   9.0783792e+00
   4.5542224e+00   9.0886418e+00
   4.5714357e+00   9.0989043e+00
   4.5886490e+00   9.1091669e+00
   4.6058623e+00   9.1194294e+00
   4.6248929e+00   9.1256127e+00
   4.6440348e+00   9.1315462e+00
   4.6631766e+00   9.1374797e+00
   4.6823185e+00   9.1434132e+00
   4.7020914e+00   9.1463199e+00
   4.7220096e+00   9.1485300e+00
   4.7419277e+00   9.1507402e+00
   4.7618459e+00   9.1529503e+00
   4.7815510e+00   9.1564740e+00
   4.8011466e+00   9.1606727e+00
   4.8207422e+00   9.1648714e+00
   4.8403378e+00   9.1690702e+00
   4.8598807e+00   9.1735018e+00
   4.8793728e+00   9.1781575e+00
   4.8988649e+00   9.1828131e+00
   4.9183570e+00   9.1874688e+00
   4.9376469e+00   9.1928153e+00
   4.9565739e+00   9.1994023e+00
   4.9755008e+00   9.2059892e+00
   4.9944278e+00   9.2125762e+00
   5.0121827e+00   9.2209818e+00
   5.0260004e+00   9.2354969e+00
   5.0398182e+00   9.2500119e+00
   5.0536360e+00   9.2645270e+00
   5.0627410e+00   9.2811610e+00
   5.0644281e+00   9.3011302e+00
   5.0661152e+00   9.3210995e+00
   5.0678023e+00   9.3410687e+00
   5.0668162e+00   9.3607286e+00
   5.0606128e+00   9.3797848e+00
   5.0544095e+00   9.3988409e+00
   5.0482062e+00   9.4178970e+00
   5.0401649e+00   9.4359984e+00
   5.0281411e+00   9.4520311e+00
   5.0161174e+00   9.4680638e+00
   5.0040936e+00   9.4840964e+00
   4.9916376e+00   9.4997404e+00
   4.9769682e+00   9.5133942e+00
   4.9622988e+00   9.5270481e+00
   4.9476294e+00   9.5407019e+00
   4.9314597e+00   9.5512646e+00
   4.9116571e+00   9.5543423e+00
   4.8918544e+00   9.5574201e+00
   4.8720518e+00   9.5604978e+00
   4.8523397e+00   9.5639873e+00
   4.8330733e+00   9.5695030e+00
   4.8138069e+00   9.5750187e+00
   4.7945405e+00   9.5805345e+00
   4.7752738e+00   9.5860492e+00
   4.7559924e+00   9.5915122e+00
   4.7367110e+00   9.5969753e+00
   4.7174296e+00   9.6024384e+00
   4.6981482e+00   9.6079015e+00
   4.6782447e+00   9.6074552e+00
   4.6582484e+00   9.6061272e+00
   4.6382520e+00   9.6047992e+00
   4.6182557e+00   9.6034712e+00
   4.6079029e+00   9.6174387e+00
   4.6004804e+00   9.6360538e+00
   4.6053160e+00   9.6463600e+00
   4.6253564e+00   9.6463600e+00
   4.6453968e+00   9.6463600e+00
   4.6654372e+00   9.6463600e+00
   4.6854776e+00   9.6463600e+00
   4.7055180e+00   9.6463600e+00
   4.7255584e+00   9.6463600e+00
   4.7455988e+00   9.6463600e+00
   4.7656279e+00   9.6461076e+00
   4.7855889e+00   9.6443251e+00
   4.8055499e+00   9.6425425e+00
   4.8255108e+00   9.6407600e+00
   4.8454718e+00   9.6389775e+00
   4.8653578e+00   9.6364952e+00
   4.8852435e+00   9.6340099e+00
   4.9051292e+00   9.6315247e+00
   4.9250149e+00   9.6290394e+00
   4.9447831e+00   9.6257659e+00
   4.9645296e+00   9.6223460e+00
   4.9842760e+00   9.6189261e+00
   5.0040224e+00   9.6155062e+00
   5.0237068e+00   9.6117523e+00
   5.0433644e+00   9.6078541e+00
   5.0630220e+00   9.6039558e+00
   5.0826796e+00   9.6000576e+00
   5.1025538e+00   9.5983650e+00
   5.1225942e+00   9.5983650e+00
   5.1426346e+00   9.5983650e+00
   5.1626750e+00   9.5983650e+00
   5.1827153e+00   9.5984051e+00
   5.2027555e+00   9.5985021e+00
   5.2227956e+00   9.5985991e+00
   5.2428358e+00   9.5986961e+00
   5.2628355e+00   9.5994188e+00
   5.2827215e+00   9.6019016e+00
   5.3026075e+00   9.6043844e+00
   5.3224935e+00   9.6068671e+00
   5.3412667e+00   9.6110005e+00
   5.3510253e+00   9.6285044e+00
   5.3607839e+00   9.6460083e+00
   5.3705425e+00   9.6635122e+00
   5.3786251e+00   9.6815421e+00
   5.3806167e+00   9.7014832e+00
   5.3826084e+00   9.7214244e+00
   5.3846000e+00   9.7413656e+00
   5.3857198e+00   9.7611595e+00
   5.3772881e+00   9.7793398e+00
   5.3688563e+00   9.7975201e+00
   5.3604246e+00   9.8157004e+00
   5.3509270e+00   9.8329018e+00
   5.3335276e+00   9.8428455e+00
   5.3161282e+00   9.8527892e+00
   5.2987287e+00   9.8627329e+00
   5.2813293e+00   9.8726766e+00
   5.2639299e+00   9.8826203e+00
   5.2465305e+00   9.8925640e+00
   5.2291310e+00   9.9025077e+00
   5.2117316e+00   9.9124515e+00
   5.1936479e+00   9.9210586e+00
   5.1754079e+00   9.9293604e+00
   5.1571680e+00   9.9376622e+00
   5.1389280e+00   9.9459641e+00
   5.1201469e+00   9.9528758e+00
   5.1010944e+00   9.9590904e+00
   5.0820419e+00   9.9653049e+00
   5.0629895e+00   9.9715195e+00
   5.0440970e+00   9.9781887e+00
   5.0253519e+00   9.9852767e+00
   5.0066069e+00   9.9923647e+00
   4.9878618e+00   9.9994526e+00
   4.9688607e+00   1.0005727e+01
   4.9494341e+00   1.0010649e+01
   4.9300075e+00   1.0015571e+01
   4.9105809e+00   1.0020492e+01
   4.8910828e+00   1.0025090e+01
   4.8713850e+00   1.0028779e+01
   4.8516873e+00   1.0032469e+01
   4.8319895e+00   1.0036159e+01
   4.8123368e+00   1.0040045e+01
   4.7930054e+00   1.0045329e+01
   4.7736741e+00   1.0050612e+01
   4.7543428e+00   1.0055896e+01
   4.7350114e+00   1.0061180e+01
   4.7162613e+00   1.0068247e+01
   4.6975285e+00   1.0075367e+01
   4.6788141e+00   1.0082486e+01
   4.6982624e+00   1.0087322e+01
   4.7177107e+00   1.0092157e+01
   4.7371590e+00   1.0096992e+01
   4.7566073e+00   1.0101828e+01
   4.7765813e+00   1.0102370e+01
   4.7966217e+00   1.0102370e+01
   4.8166621e+00   1.0102370e+01
   4.8367025e+00   1.0102370e+01
   4.8564568e+00   1.0099480e+01
   4.8761082e+00   1.0095551e+01
   4.8957597e+00   1.0091622e+01
   4.9154111e+00   1.0087693e+01
   4.9350185e+00   1.0083553e+01
   4.9545950e+00   1.0079266e+01
   4.9741716e+00   1.0074980e+01
   4.9937482e+00   1.0070693e+01
   5.0132776e+00   1.0066203e+01
   5.0327465e+00   1.0061451e+01
   5.0522153e+00   1.0056699e+01
   5.0716841e+00   1.0051947e+01
   5.0911407e+00   1.0047145e+01
   5.1105664e+00   1.0042220e+01
   5.1299921e+00   1.0037295e+01
   5.1494178e+00   1.0032369e+01
   5.1688239e+00   1.0027371e+01
   5.1881022e+00   1.0021897e+01
   5.2073804e+00   1.0016423e+01
   5.2266587e+00   1.0010949e+01
   5.2459369e+00   1.0005474e+01
   5.2653758e+00   1.0000602e+01
   5.2848178e+00   9.9957412e+00
   5.3042598e+00   9.9908805e+00
   5.3237017e+00   9.9860198e+00
   5.3412748e+00   9.9766463e+00
   5.3584606e+00   9.9663379e+00
   5.3756465e+00   9.9560294e+00
   5.3928323e+00   9.9457209e+00
   5.4106986e+00   9.9366912e+00
   5.4288492e+00   9.9281957e+00
   5.4469998e+00   9.9197003e+00
   5.4651505e+00   9.9112049e+00
   5.4830522e+00   9.9022103e+00
   5.5007610e+00   9.8928286e+00
   5.5184697e+00   9.8834468e+00
   5.5361785e+00   9.8740650e+00
   5.5535939e+00   9.8641738e+00
   5.5705979e+00   9.8535681e+00
   5.5876019e+00   9.8429624e+00
   5.6046059e+00   9.8323567e+00
   5.6215214e+00   9.8216138e+00
   5.6381930e+00   9.8104928e+00
   5.6548646e+00   9.7993719e+00
   5.6715362e+00   9.7882509e+00
   5.6882488e+00   9.7771937e+00
   5.7052805e+00   9.7666326e+00
   5.7223123e+00   9.7560715e+00
   5.7393440e+00   9.7455104e+00
   5.7563757e+00   9.7349492e+00
   5.7735516e+00   9.7246244e+00
   5.7907329e+00   9.7143083e+00
   5.8079142e+00   9.7039923e+00
   5.8250955e+00   9.6936762e+00
   5.8415930e+00   9.6823144e+00
   5.8579341e+00   9.6707132e+00
   5.8742752e+00   9.6591120e+00
   5.8906162e+00   9.6475109e+00
   5.9064622e+00   9.6352558e+00
   5.9220600e+00   9.6226731e+00
   5.9376578e+00   9.6100904e+00
   5.9532556e+00   9.5975076e+00
   5.9694527e+00   9.5857474e+00
   5.9862102e+00   9.5747563e+00
   6.0029676e+00   9.5637651e+00
   6.0197251e+00   9.5527739e+00
   6.0367180e+00   9.5421671e+00
   6.0541199e+00   9.5322277e+00
   6.0715218e+00   9.5222884e+00
   6.0889237e+00   9.5123490e+00
   6.1061791e+00   9.5021715e+00
   6.1228928e+00   9.4911140e+00
   6.1396066e+00   9.4800565e+00
   6.1563203e+00   9.4689991e+00
   6.1730721e+00   9.4580029e+00
   6.1904078e+00   9.4479484e+00
   6.2077434e+00   9.4378939e+00
   6.2250791e+00   9.4278395e+00
   6.2424147e+00   9.4177850e+00
   6.2613161e+00   9.4112360e+00
   6.2803731e+00   9.4050355e+00
   6.2994302e+00   9.3988350e+00
   6.3184873e+00   9.3926345e+00
   6.3377736e+00   9.3872052e+00
   6.3571222e+00   9.3819848e+00
   6.3764707e+00   9.3767645e+00
   6.3958192e+00   9.3715442e+00
   6.4151746e+00   9.3663493e+00
   6.4345339e+00   9.3611690e+00
   6.4538932e+00   9.3559888e+00
   6.4732525e+00   9.3508085e+00
   6.4928054e+00   9.3465171e+00
   6.5125654e+00   9.3431766e+00
   6.5323254e+00   9.3398361e+00
   6.5520854e+00   9.3364956e+00
   6.5719457e+00   9.3343500e+00
   6.5919861e+00   9.3343500e+00
   6.6120265e+00   9.3343500e+00
   6.6320669e+00   9.3343500e+00
   6.6521066e+00   9.3342711e+00
   6.6721433e+00   9.3338871e+00
   6.6921800e+00   9.3335030e+00
   6.7122167e+00   9.3331189e+00
   6.7322448e+00   9.3326148e+00
   6.7521305e+00   9.3301296e+00
   6.7720162e+00   9.3276444e+00
   6.7919019e+00   9.3251592e+00
   6.8117876e+00   9.3226740e+00
   6.8316733e+00   9.3201888e+00
   6.8515590e+00   9.3177036e+00
   6.8714447e+00   9.3152184e+00
   6.8913304e+00   9.3127332e+00
   6.9107118e+00   9.3078362e+00
   6.9299272e+00   9.3021453e+00
   6.9491426e+00   9.2964545e+00
   6.9683580e+00   9.2907637e+00
   6.9865613e+00   9.2826478e+00
   7.0041215e+00   9.2729908e+00
   7.0216817e+00   9.2633338e+00
   7.0392419e+00   9.2536768e+00
   7.0522490e+00   9.2399190e+00
   7.0600232e+00   9.2214479e+00
   7.0677973e+00   9.2029768e+00
   7.0755715e+00   9.1845058e+00
   7.0826800e+00   9.1657781e+00
   7.0893172e+00   9.1468687e+00
   7.0959544e+00   9.1279593e+00
   7.1025915e+00   9.1090499e+00
   7.1106354e+00   9.0907718e+00
   7.1203499e+00   9.0732434e+00
   7.1300644e+00   9.0557149e+00
   7.1397789e+00   9.0381865e+00
   7.1509616e+00   9.0217641e+00
   7.1651298e+00   9.0075909e+00
   7.1792980e+00   8.9934178e+00
   7.1934662e+00   8.9792446e+00
   7.2081984e+00   8.9658057e+00
   7.2255478e+00   8.9557750e+00
   7.2428972e+00   8.9457443e+00
   7.2602466e+00   8.9357136e+00
   7.2777174e+00   8.9259815e+00
   7.2971442e+00   8.9210603e+00
   7.3165710e+00   8.9161392e+00
   7.3359978e+00   8.9112180e+00
   7.3554245e+00   8.9062968e+00
   7.3754037e+00   8.9051390e+00
   7.3954253e+00   8.9042692e+00
   7.4154468e+00   8.9033995e+00
   7.4354683e+00   8.9025298e+00
   7.4555047e+00   8.9023450e+00
   7.4755451e+00   8.9023450e+00
   7.4955855e+00   8.9023450e+00
   7.5156258e+00   8.9023450e+00
   7.5356662e+00   8.9023450e+00
   7.5557066e+00   8.9023450e+00
   7.5757470e+00   8.9023450e+00
   7.5957874e+00   8.9023450e+00
   7.6157570e+00   8.9035137e+00
   7.6356505e+00   8.9059349e+00
   7.6555441e+00   8.9083561e+00
   7.6754377e+00   8.9107773e+00
   7.6950963e+00   8.9143208e+00
   7.7142893e+00   8.9200867e+00
   7.7334823e+00   8.9258526e+00
   7.7526753e+00   8.9316184e+00
   7.7718334e+00   8.9374947e+00
   7.7908447e+00   8.9438342e+00
   7.8098559e+00   8.9501736e+00
   7.8288672e+00   8.9565130e+00
   7.8478703e+00   8.9628760e+00
   7.8666763e+00   8.9698005e+00
   7.8854824e+00   8.9767250e+00
   7.9042885e+00   8.9836495e+00
   7.9230946e+00   8.9905740e+00
   7.9396147e+00   9.0018099e+00
   7.9558991e+00   9.0134905e+00
   7.9721835e+00   9.0251711e+00
   7.9884679e+00   9.0368517e+00
   8.0006752e+00   9.0524189e+00
   8.0115640e+00   9.0692430e+00
   8.0224528e+00   9.0860671e+00
   8.0333417e+00   9.1028912e+00
   8.0440195e+00   9.1198492e+00
   8.0545941e+00   9.1368726e+00
   8.0651686e+00   9.1538959e+00
   8.0757432e+00   9.1709193e+00
   8.0893569e+00   9.1851085e+00
   8.1056020e+00   9.1968436e+00
   8.1218472e+00   9.2085788e+00
   8.1380923e+00   9.2203139e+00
   8.1560409e+00   9.2278596e+00
   8.1758657e+00   9.2307911e+00
   8.1956905e+00   9.2337226e+00
   8.2155154e+00   9.2366542e+00
   8.2256171e+00   9.2300593e+00
   8.2222810e+00   9.2102985e+00
   8.2189449e+00   9.1905378e+00
   8.2156089e+00   9.1707770e+00
   8.2099928e+00   9.1517090e+00
   8.2017721e+00   9.1334322e+00
   8.1935515e+00   9.1151555e+00
   8.1853309e+00   9.0968788e+00
   8.1771129e+00   9.0786009e+00
   8.1688995e+00   9.0603209e+00
   8.1606860e+00   9.0420410e+00
   8.1524726e+00   9.0237610e+00
   8.1433141e+00   9.0060199e+00
   8.1317653e+00   8.9896418e+00
   8.1202164e+00   8.9732638e+00
   8.1086676e+00   8.9568857e+00
   8.0978507e+00   8.9401452e+00
   8.0918276e+00   8.9210313e+00
   8.0858045e+00   8.9019175e+00
   8.0797815e+00   8.8828036e+00
   8.0738597e+00   8.8636630e+00
   8.0696600e+00   8.8440676e+00
   8.0654604e+00   8.8244721e+00
   8.0612607e+00   8.8048767e+00
   8.0570610e+00   8.7852813e+00
   8.0496712e+00   8.7666850e+00
   8.0419432e+00   8.7481946e+00
   8.0342152e+00   8.7297042e+00
   8.0264872e+00   8.7112138e+00
   8.0178072e+00   8.6931596e+00
   8.0088476e+00   8.6752335e+00
   7.9998880e+00   8.6573075e+00
   7.9909284e+00   8.6393815e+00
   7.9798927e+00   8.6227638e+00
   7.9675873e+00   8.6069462e+00
   7.9552819e+00   8.5911287e+00
   7.9429766e+00   8.5753111e+00
   7.9318435e+00   8.5587032e+00
   7.9217964e+00   8.5413633e+00
   7.9117492e+00   8.5240235e+00
   7.9017020e+00   8.5066836e+00
   7.8885412e+00   8.4988487e+00
   7.8701820e+00   8.5068834e+00
   7.8518227e+00   8.5149181e+00
   7.8334635e+00   8.5229528e+00
   7.8155348e+00   8.5318049e+00
   7.7985234e+00   8.5423987e+00
   7.7815120e+00   8.5529926e+00
   7.7645006e+00   8.5635864e+00
   7.7474342e+00   8.5740890e+00
   7.7301239e+00   8.5841871e+00
   7.7128136e+00   8.5942852e+00
   7.6955033e+00   8.6043833e+00
   7.6781642e+00   8.6144263e+00
   7.6599883e+00   8.6228673e+00
   7.6418123e+00   8.6313084e+00
   7.6236363e+00   8.6397495e+00
   7.6054604e+00   8.6481905e+00
   7.5862185e+00   8.6536744e+00
   7.5668370e+00   8.6587710e+00
   7.5474555e+00   8.6638676e+00
   7.5280740e+00   8.6689642e+00
   7.5084004e+00   8.6726975e+00
   7.4886322e+00   8.6759891e+00
   7.4688640e+00   8.6792808e+00
   7.4490958e+00   8.6825724e+00
   7.4292693e+00   8.6822834e+00
   7.4094044e+00   8.6796367e+00
   7.3895396e+00   8.6769900e+00
   7.3696747e+00   8.6743433e+00
   7.3500569e+00   8.6704571e+00
   7.3306955e+00   8.6652848e+00
   7.3113341e+00   8.6601126e+00
   7.2919726e+00   8.6549404e+00
   7.2728786e+00   8.6489634e+00
   7.2542722e+00   8.6415191e+00
   7.2356657e+00   8.6340748e+00
   7.2170593e+00   8.6266305e+00
   7.1984528e+00   8.6191862e+00
   7.1798464e+00   8.6117419e+00
   7.1612399e+00   8.6042976e+00
   7.1426335e+00   8.5968534e+00
   7.1240312e+00   8.5893988e+00
   7.1055089e+00   8.5817476e+00
   7.0869865e+00   8.5740964e+00
   7.0684642e+00   8.5664452e+00
   7.0499419e+00   8.5587940e+00
   7.0316692e+00   8.5505672e+00
   7.0134248e+00   8.5422750e+00
   6.9951805e+00   8.5339827e+00
   6.9769361e+00   8.5256905e+00
   6.9586918e+00   8.5173983e+00
   6.9404474e+00   8.5091061e+00
   6.9222030e+00   8.5008139e+00
   6.9039587e+00   8.4925217e+00
   6.8857143e+00   8.4842294e+00
   6.8674700e+00   8.4759372e+00
   6.8492256e+00   8.4676450e+00
   6.8309813e+00   8.4593527e+00
   6.8130817e+00   8.4503813e+00
   6.7956198e+00   8.4405478e+00
   6.7781578e+00   8.4307144e+00
   6.7606958e+00   8.4208810e+00
   6.7432894e+00   8.4109509e+00
   6.7260172e+00   8.4007879e+00
   6.7087449e+00   8.3906249e+00
   6.6914727e+00   8.3804618e+00
   6.6740616e+00   8.3705660e+00
   6.6558173e+00   8.3622736e+00
   6.6375730e+00   8.3539812e+00
   6.6193288e+00   8.3456889e+00
   6.6010845e+00   8.3373965e+00
   6.5829429e+00   8.3288818e+00
   6.5648023e+00   8.3203650e+00
   6.5466617e+00   8.3118481e+00
   6.5285211e+00   8.3033313e+00
   6.5105616e+00   8.2944408e+00
   6.4926370e+00   8.2854785e+00
   6.4747123e+00   8.2765162e+00
   6.4567876e+00   8.2675538e+00
   6.4383964e+00   8.2596299e+00
   6.4197920e+00   8.2521806e+00
   6.4011875e+00   8.2447313e+00
   6.3825831e+00   8.2372821e+00
   6.3638367e+00   8.2302072e+00
   6.3449691e+00   8.2234521e+00
   6.3261015e+00   8.2166969e+00
   6.3072339e+00   8.2099418e+00
   6.2880619e+00   8.2042839e+00
   6.2684109e+00   8.2003527e+00
   6.2487599e+00   8.1964215e+00
   6.2291088e+00   8.1924903e+00
   6.2094137e+00   8.1888161e+00
   6.1895761e+00   8.1859727e+00
   6.1697384e+00   8.1831294e+00
   6.1499008e+00   8.1802861e+00
   6.1300520e+00   8.1775382e+00
   6.1100897e+00   8.1757708e+00
   6.0901274e+00   8.1740035e+00
   6.0701651e+00   8.1722362e+00
   6.0502028e+00   8.1704689e+00
   6.0301672e+00   8.1703600e+00
   6.0101268e+00   8.1703600e+00
   5.9900864e+00   8.1703600e+00
   5.9700460e+00   8.1703600e+00
   5.9506258e+00   8.1747364e+00
   5.9313744e+00   8.1803044e+00
   5.9121231e+00   8.1858723e+00
   5.8928717e+00   8.1914403e+00
   5.8744218e+00   8.1991312e+00
   5.8562939e+00   8.2076750e+00
   5.8381660e+00   8.2162189e+00
   5.8200381e+00   8.2247627e+00
   5.8022533e+00   8.2339758e+00
   5.7847336e+00   8.2437061e+00
   5.7672140e+00   8.2534363e+00
   5.7496943e+00   8.2631666e+00
   5.7334407e+00   8.2746101e+00
   5.7189965e+00   8.2885019e+00
   5.7045523e+00   8.3023937e+00
   5.6901081e+00   8.3162856e+00
   5.6760232e+00   8.3305214e+00
   5.6627709e+00   8.3455545e+00
   5.6495186e+00   8.3605876e+00
   5.6362663e+00   8.3756206e+00
   5.6233348e+00   8.3909003e+00
   5.6122182e+00   8.4075748e+00
   5.6011017e+00   8.4242493e+00
   5.5899851e+00   8.4409238e+00
   5.5788686e+00   8.4575984e+00
   5.5677520e+00   8.4742729e+00
   5.5566355e+00   8.4909474e+00
   5.5455189e+00   8.5076220e+00
   5.5344024e+00   8.5242965e+00
   5.5165003e+00   8.5318881e+00
   5.4973577e+00   8.5378193e+00
   5.4782151e+00   8.5437504e+00
   5.4590725e+00   8.5496816e+00
   5.4549857e+00   8.5317230e+00
   5.4520771e+00   8.5118948e+00
   5.4491685e+00   8.4920666e+00
   5.4520721e+00   8.4726798e+00
   5.4579420e+00   8.4535184e+00
   5.4638119e+00   8.4343569e+00
   5.4696818e+00   8.4151955e+00
   5.4784508e+00   8.3974168e+00
   5.4896481e+00   8.3807964e+00
   5.5008454e+00   8.3641759e+00
   5.5120426e+00   8.3475555e+00
   5.5228048e+00   8.3306616e+00
   5.5329279e+00   8.3133659e+00
   5.5430510e+00   8.2960702e+00
   5.5531741e+00   8.2787746e+00
   5.5632888e+00   8.2614740e+00
   5.5733803e+00   8.2441599e+00
   5.5834718e+00   8.2268458e+00
   5.5935634e+00   8.2095316e+00
   5.6033745e+00   8.1920758e+00
   5.6113332e+00   8.1736835e+00
   5.6192919e+00   8.1552912e+00
   5.6272507e+00   8.1368989e+00
   5.6352094e+00   8.1185067e+00
   5.6449222e+00   8.1009789e+00
   5.6546617e+00   8.0834644e+00
   5.6644013e+00   8.0659499e+00
   5.6741409e+00   8.0484354e+00
   5.6852969e+00   8.0318041e+00
   5.6967378e+00   8.0153504e+00
   5.7081787e+00   7.9988968e+00
   5.7196196e+00   7.9824431e+00
   5.7321514e+00   7.9668319e+00
   5.7451788e+00   7.9516035e+00
   5.7582062e+00   7.9363751e+00
   5.7712336e+00   7.9211467e+00
   5.7854769e+00   7.9071330e+00
   5.8006918e+00   7.8940898e+00
   5.8159068e+00   7.8810467e+00
   5.8311217e+00   7.8680035e+00
   5.8463366e+00   7.8549604e+00
   5.8615515e+00   7.8419172e+00
   5.8767664e+00   7.8288740e+00
   5.8919813e+00   7.8158309e+00
   5.9075838e+00   7.8033035e+00
   5.9243426e+00   7.7923143e+00
   5.9411014e+00   7.7813252e+00
   5.9578601e+00   7.7703361e+00
   5.9747240e+00   7.7595234e+00
   5.9923714e+00   7.7500268e+00
   6.0100188e+00   7.7405302e+00
   6.0276663e+00   7.7310336e+00
   6.0453137e+00   7.7215370e+00
   6.0636058e+00   7.7133550e+00
   6.0819193e+00   7.7052166e+00
   6.1002328e+00   7.6970782e+00
   6.1185463e+00   7.6889397e+00
   6.1368597e+00   7.6808013e+00
   6.1551732e+00   7.6726629e+00
   6.1734867e+00   7.6645245e+00
   6.1918002e+00   7.6563861e+00
   6.2101137e+00   7.6482477e+00
   6.2284271e+00   7.6401092e+00
   6.2467406e+00   7.6319708e+00
   6.2650541e+00   7.6238324e+00
   6.2833676e+00   7.6156940e+00
   6.3016811e+00   7.6075556e+00
   6.3199946e+00   7.5994172e+00
   6.3383080e+00   7.5912788e+00
   6.3514122e+00   7.5790033e+00
   6.3551916e+00   7.5593225e+00
   6.3589711e+00   7.5396418e+00
   6.3627505e+00   7.5199610e+00
   6.3732132e+00   7.5051961e+00
   6.3908754e+00   7.4957270e+00
   6.4085375e+00   7.4862579e+00
   6.4261997e+00   7.4767887e+00
   6.4446499e+00   7.4692930e+00
   6.4639765e+00   7.4639921e+00
   6.4833031e+00   7.4586911e+00
   6.5026297e+00   7.4533902e+00
   6.5221754e+00   7.4491420e+00
   6.5420123e+00   7.4462933e+00
   6.5618492e+00   7.4434446e+00
   6.5816861e+00   7.4405958e+00
   6.5864250e+00   7.4246625e+00
   6.5864250e+00   7.4046221e+00
   6.5864250e+00   7.3845817e+00
   6.5864250e+00   7.3645413e+00
   6.5871693e+00   7.3445236e+00
   6.5883921e+00   7.3245206e+00
   6.5896149e+00   7.3045175e+00
   6.5908377e+00   7.2845145e+00
   6.5956802e+00   7.2654627e+00
   6.6044506e+00   7.2474434e+00
   6.6132210e+00   7.2294240e+00
   6.6219914e+00   7.2114046e+00
   6.6324352e+00   7.1944962e+00
   6.6456368e+00   7.1794186e+00
   6.6588384e+00   7.1643409e+00
   6.6720400e+00   7.1492633e+00
   6.6873782e+00   7.1374296e+00
   6.7064436e+00   7.1312546e+00
   6.7255089e+00   7.1250796e+00
   6.7445742e+00   7.1189046e+00
   6.7637648e+00   7.1131847e+00
   6.7833057e+00   7.1087387e+00
   6.8028467e+00   7.1042927e+00
   6.8181024e+00   7.0978196e+00
   6.8091446e+00   7.0798927e+00
   6.8001867e+00   7.0619657e+00
   6.7912289e+00   7.0440388e+00
   6.7822710e+00   7.0261119e+00
   6.7853242e+00   7.0063130e+00
   6.7884016e+00   6.9865103e+00
   6.7914790e+00   6.9667076e+00
   6.7993508e+00   6.9493118e+00
   6.8133926e+00   6.9350133e+00
   6.8274344e+00   6.9207149e+00
   6.8414762e+00   6.9064164e+00
   6.8562997e+00   6.8930676e+00
   6.8730304e+00   6.8820358e+00
   6.8897611e+00   6.8710040e+00
   6.9064918e+00   6.8599722e+00
   6.9202110e+00   6.8463115e+00
   6.9288825e+00   6.8282443e+00
   6.9375540e+00   6.8101771e+00
   6.9345260e+00   6.7926222e+00
   6.9243085e+00   6.7753821e+00
   6.9140911e+00   6.7581421e+00
   6.9038736e+00   6.7409020e+00
   6.9004894e+00   6.7221462e+00
   6.9024592e+00   6.7022028e+00
   6.9044291e+00   6.6822595e+00
   6.9063989e+00   6.6623162e+00
   6.9158123e+00   6.6468884e+00
   6.9325899e+00   6.6359281e+00
   6.9493676e+00   6.6249678e+00
   6.9661453e+00   6.6140076e+00
   6.9815788e+00   6.6014707e+00
   6.9950547e+00   6.5866377e+00
   7.0085307e+00   6.5718048e+00
   7.0220066e+00   6.5569718e+00
   7.0244613e+00   6.5417404e+00
   7.0120917e+00   6.5259730e+00
   6.9997222e+00   6.5102056e+00
   6.9873526e+00   6.4944381e+00
   6.9822119e+00   6.4766011e+00
   6.9843629e+00   6.4566765e+00
   6.9865140e+00   6.4367519e+00
   6.9886651e+00   6.4168273e+00
   6.9969268e+00   6.3993482e+00
   7.0091159e+00   6.3834408e+00
   7.0213049e+00   6.3675335e+00
   7.0334940e+00   6.3516262e+00
   7.0458287e+00   6.3358323e+00
   7.0582736e+00   6.3201243e+00
   7.0707185e+00   6.3044162e+00
   7.0788195e+00   6.2886867e+00
   7.0665312e+00   6.2728558e+00
   7.0542429e+00   6.2570250e+00
   7.0419546e+00   6.2411941e+00
   7.0297873e+00   6.2252787e+00
   7.0191287e+00   6.2083078e+00
   7.0084700e+00   6.1913369e+00
   6.9978114e+00   6.1743660e+00
   6.9890897e+00   6.1573959e+00
   6.9997629e+00   6.1404342e+00
   7.0104360e+00   6.1234724e+00
   7.0211092e+00   6.1065107e+00
   7.0314753e+00   6.0893628e+00
   7.0415784e+00   6.0720554e+00
   7.0516814e+00   6.0547480e+00
   7.0617845e+00   6.0374406e+00
   7.0567714e+00   6.0244792e+00
   7.0390190e+00   6.0151803e+00
   7.0212666e+00   6.0058814e+00
   7.0038693e+00   5.9959406e+00
   6.9865589e+00   5.9858427e+00
   6.9692485e+00   5.9757448e+00
   6.9519381e+00   5.9656469e+00
   6.9389974e+00   5.9509593e+00
   6.9280618e+00   5.9341655e+00
   6.9171261e+00   5.9173718e+00
   6.9061905e+00   5.9005781e+00
   6.8994560e+00   5.8820965e+00
   6.8957337e+00   5.8624049e+00
   6.8920115e+00   5.8427132e+00
   6.8882892e+00   5.8230215e+00
   6.8878738e+00   5.8032612e+00
   6.8907762e+00   5.7834321e+00
   6.8936786e+00   5.7636030e+00
   6.8965809e+00   5.7437739e+00
   6.8983900e+00   5.7238652e+00
   6.8983900e+00   5.7038248e+00
   6.8983900e+00   5.6837844e+00
   6.8983900e+00   5.6637440e+00
   6.8945192e+00   5.6459131e+00
   6.8772633e+00   5.6357223e+00
   6.8600075e+00   5.6255314e+00
   6.8427516e+00   5.6153406e+00
   6.8264415e+00   5.6038520e+00
   6.8114549e+00   5.5905471e+00
   6.7964684e+00   5.5772421e+00
   6.7814819e+00   5.5639372e+00
   6.7762981e+00   5.5447833e+00
   6.7717068e+00   5.5252760e+00
   6.7671155e+00   5.5057686e+00
   6.7625241e+00   5.4862613e+00
   6.7601934e+00   5.4663915e+00
   6.7584578e+00   5.4464265e+00
   6.7567221e+00   5.4264614e+00
   6.7549865e+00   5.4064963e+00
   6.7574636e+00   5.3868429e+00
   6.7621188e+00   5.3673507e+00
   6.7667740e+00   5.3478584e+00
   6.7584766e+00   5.3331141e+00
   6.7423267e+00   5.3212482e+00
   6.7261769e+00   5.3093823e+00
   6.7099628e+00   5.2976069e+00
   6.6934416e+00   5.2862637e+00
   6.6769204e+00   5.2749205e+00
   6.6603992e+00   5.2635773e+00
   6.6442835e+00   5.2518385e+00
   6.6333494e+00   5.2350437e+00
   6.6224153e+00   5.2182490e+00
   6.6114813e+00   5.2014543e+00
   6.6005472e+00   5.1846596e+00
   6.6034899e+00   5.1649951e+00
   6.6068658e+00   5.1452411e+00
   6.6102417e+00   5.1254871e+00
   6.6134823e+00   5.1057106e+00
   6.6166897e+00   5.0859285e+00
   6.6198972e+00   5.0661465e+00
   6.6189503e+00   5.0482557e+00
   6.6019245e+00   5.0376851e+00
   6.5848986e+00   5.0271145e+00
   6.5678728e+00   5.0165439e+00
   6.5508983e+00   5.0058944e+00
   6.5343504e+00   4.9945903e+00
   6.5178024e+00   4.9832863e+00
   6.5012544e+00   4.9719822e+00
   6.4847270e+00   4.9606556e+00
   6.4719670e+00   4.9452025e+00
   6.4592069e+00   4.9297494e+00
   6.4464469e+00   4.9142963e+00
   6.4336869e+00   4.8988431e+00
   6.4323695e+00   4.8793863e+00
   6.4327114e+00   4.8593488e+00
   6.4330534e+00   4.8393113e+00
   6.4334144e+00   4.8192770e+00
   6.4394664e+00   4.8001722e+00
   6.4455183e+00   4.7810675e+00
   6.4515703e+00   4.7619627e+00
   6.4456124e+00   4.7525628e+00
   6.4256629e+00   4.7544692e+00
   6.4057134e+00   4.7563756e+00
   6.3857639e+00   4.7582820e+00
   6.3711975e+00   4.7501116e+00
   6.3616910e+00   4.7324695e+00
   6.3521846e+00   4.7148274e+00
   6.3426782e+00   4.6971852e+00
   6.3455649e+00   4.6777308e+00
   6.3496216e+00   4.6581053e+00
   6.3536782e+00   4.6384797e+00
   6.3577349e+00   4.6188542e+00
   6.3537049e+00   4.5995531e+00
   6.3480891e+00   4.5803157e+00
   6.3424732e+00   4.5610782e+00
   6.3368573e+00   4.5418408e+00
   6.3279320e+00   4.5240247e+00
   6.3178476e+00   4.5067064e+00
   6.3077633e+00   4.4893881e+00
   6.2881884e+00   4.4926191e+00
   6.2684653e+00   4.4961710e+00
   6.2487422e+00   4.4997230e+00
   6.2294410e+00   4.5011233e+00
   6.2125201e+00   4.4903855e+00
   6.1955992e+00   4.4796476e+00
   6.1786783e+00   4.4689098e+00
   6.1625937e+00   4.4575606e+00
   6.1574949e+00   4.4381797e+00
   6.1523962e+00   4.4187988e+00
   6.1472974e+00   4.3994179e+00
   6.1425134e+00   4.3800242e+00
   6.1460268e+00   4.3602942e+00
   6.1495402e+00   4.3405642e+00
   6.1530536e+00   4.3208342e+00
   6.1585797e+00   4.3017123e+00
   6.1665795e+00   4.2833378e+00
   6.1745793e+00   4.2649633e+00
   6.1753306e+00   4.2479807e+00
   6.1610942e+00   4.2338760e+00
   6.1468579e+00   4.2197712e+00
   6.1326215e+00   4.2056665e+00
   6.1190497e+00   4.1910058e+00
   6.1076792e+00   4.1745034e+00
   6.0963086e+00   4.1580011e+00
   6.0849380e+00   4.1414987e+00
   6.0767754e+00   4.1242262e+00
   6.0794146e+00   4.1043604e+00
   6.0820539e+00   4.0844945e+00
   6.0846931e+00   4.0646287e+00
   6.0866885e+00   4.0447303e+00
   6.0860672e+00   4.0246995e+00
   6.0854458e+00   4.0046687e+00
   6.0848244e+00   3.9846380e+00
   6.0853965e+00   3.9646217e+00
   6.0865049e+00   3.9446120e+00
   6.0876132e+00   3.9246023e+00
   6.0887216e+00   3.9045926e+00
   6.0898299e+00   3.8845828e+00
   6.0909382e+00   3.8645731e+00
   6.0920466e+00   3.8445634e+00
   6.0931549e+00   3.8245537e+00
   6.0935485e+00   3.8045375e+00
   6.0928013e+00   3.7845111e+00
   6.0920541e+00   3.7644846e+00
   6.0913068e+00   3.7444581e+00
   6.0905007e+00   3.7244342e+00
   6.0895028e+00   3.7044187e+00
   6.0885048e+00   3.6844032e+00
   6.0875069e+00   3.6643876e+00
   6.0865090e+00   3.6443721e+00
   6.0855111e+00   3.6243566e+00
   6.0845133e+00   3.6043410e+00
   6.0835154e+00   3.5843255e+00
   6.0825175e+00   3.5643100e+00
   6.0796916e+00   3.5444762e+00
   6.0767292e+00   3.5246559e+00
   6.0737668e+00   3.5048357e+00
   6.0708043e+00   3.4850155e+00
   6.0678315e+00   3.4651968e+00
   6.0648557e+00   3.4453786e+00
   6.0618800e+00   3.4255604e+00
   6.0589042e+00   3.4057421e+00
   6.0559414e+00   3.3859220e+00
   6.0529863e+00   3.3661006e+00
   6.0500312e+00   3.3462793e+00
   6.0470762e+00   3.3264580e+00
   6.0442386e+00   3.3066199e+00
   6.0415316e+00   3.2867632e+00
   6.0388246e+00   3.2669065e+00
   6.0361176e+00   3.2470497e+00
   6.0334107e+00   3.2271930e+00
   6.0307037e+00   3.2073363e+00
   6.0279968e+00   3.1874795e+00
   6.0252898e+00   3.1676228e+00
   6.0225829e+00   3.1477661e+00
   6.0198759e+00   3.1279093e+00
   6.0171689e+00   3.1080526e+00
   6.0144619e+00   3.0881959e+00
   6.0117768e+00   3.0683369e+00
   6.0104083e+00   3.0483433e+00
   6.0090397e+00   3.0283497e+00
   6.0076712e+00   3.0083561e+00
   6.0063026e+00   2.9883625e+00
   6.0050992e+00   2.9683584e+00
   6.0039214e+00   2.9483526e+00
   6.0027437e+00   2.9283468e+00
   6.0015659e+00   2.9083411e+00
   6.0004089e+00   2.8883341e+00
   5.9992603e+00   2.8683267e+00
   5.9981117e+00   2.8483192e+00
   5.9969631e+00   2.8283118e+00
   5.9958370e+00   2.8083031e+00
   5.9947287e+00   2.7882933e+00
   5.9936203e+00   2.7682836e+00
   5.9925120e+00   2.7482739e+00
   5.9914036e+00   2.7282642e+00
   5.9902953e+00   2.7082544e+00
   5.9891870e+00   2.6882447e+00
   5.9880786e+00   2.6682350e+00
   5.9867623e+00   2.6482411e+00
   5.9848407e+00   2.6282930e+00
   5.9829191e+00   2.6083449e+00
   5.9809974e+00   2.5883969e+00
   5.9790573e+00   2.5684507e+00
   5.9769575e+00   2.5485206e+00
   5.9748577e+00   2.5285905e+00
   5.9727579e+00   2.5086605e+00
   5.9706580e+00   2.4887304e+00
   5.9686865e+00   2.4687872e+00
   5.9667215e+00   2.4488434e+00
   5.9647565e+00   2.4288996e+00
   5.9627915e+00   2.4089558e+00
   5.9624000e+00   2.3889346e+00
   5.9624000e+00   2.3688942e+00
   5.9624000e+00   2.3488538e+00
   5.9624000e+00   2.3288134e+00
   5.9624000e+00   2.3087730e+00
   5.9624000e+00   2.2887326e+00
   5.9624000e+00   2.2686922e+00
   5.9624000e+00   2.2486518e+00
   5.9643534e+00   2.2288053e+00
   5.9682916e+00   2.2091556e+00
   5.9722298e+00   2.1895060e+00
   5.9761680e+00   2.1698564e+00
   5.9793084e+00   2.1500888e+00
   5.9812252e+00   2.1301403e+00
   5.9831420e+00   2.1101918e+00
   5.9850588e+00   2.0902432e+00
   5.9866068e+00   2.0702712e+00
   5.9872396e+00   2.0502408e+00
   5.9878724e+00   2.0302104e+00
   5.9885052e+00   2.0101800e+00
   5.9898419e+00   1.9902555e+00
   5.9951333e+00   1.9709263e+00
   6.0004248e+00   1.9515971e+00
   6.0057162e+00   1.9322679e+00
   6.0110007e+00   1.9129374e+00
   6.0132072e+00   1.8930189e+00
   6.0154137e+00   1.8731003e+00
   6.0176202e+00   1.8531818e+00
   6.0198268e+00   1.8332632e+00
   6.0231491e+00   1.8135058e+00
   6.0266685e+00   1.7937768e+00
   6.0301878e+00   1.7740479e+00
   6.0337072e+00   1.7543190e+00
   6.0380078e+00   1.7347524e+00
   6.0426425e+00   1.7152553e+00
   6.0472773e+00   1.6957582e+00
   6.0519120e+00   1.6762611e+00
   6.0574939e+00   1.6570340e+00
   6.0638365e+00   1.6380238e+00
   6.0701791e+00   1.6190136e+00
   6.0765217e+00   1.6000034e+00
   6.0814361e+00   1.5806574e+00
   6.0842279e+00   1.5608124e+00
   6.0870197e+00   1.5409674e+00
   6.0898115e+00   1.5211224e+00
   6.0943615e+00   1.5018630e+00
   6.1040263e+00   1.4843071e+00
   6.1136911e+00   1.4667512e+00
   6.1233558e+00   1.4491953e+00
   6.1321372e+00   1.4312759e+00
   6.1376281e+00   1.4120024e+00
   6.1431189e+00   1.3927289e+00
   6.1486098e+00   1.3734554e+00
   6.1541975e+00   1.3542125e+00
   6.1607617e+00   1.3352776e+00
   6.1673258e+00   1.3163427e+00
   6.1738899e+00   1.2974079e+00
   6.1804541e+00   1.2784730e+00
   6.1893176e+00   1.2605061e+00
   6.1982720e+00   1.2425775e+00
   6.2072265e+00   1.2246489e+00
   6.2161810e+00   1.2067203e+00
   6.2276406e+00   1.1903419e+00
   6.2396896e+00   1.1743281e+00
   6.2517386e+00   1.1583144e+00
   6.2637875e+00   1.1423007e+00
   6.2780074e+00   1.1283022e+00
   6.2930821e+00   1.1150972e+00
   6.3081568e+00   1.1018923e+00
   6.3232315e+00   1.0886873e+00
   6.3371163e+00   1.0743079e+00
   6.3501235e+00   1.0590622e+00
   6.3631306e+00   1.0438165e+00
   6.3761378e+00   1.0285708e+00
   6.3895037e+00   1.0136491e+00
   6.4033487e+00   9.9916000e-01
   6.4171937e+00   9.8467093e-01
   6.4310387e+00   9.7018186e-01
   6.4449047e+00   9.5571293e-01
   6.4588246e+00   9.4129579e-01
   6.4727445e+00   9.2687864e-01
   6.4866644e+00   9.1246149e-01
   6.5004537e+00   8.9792645e-01
   6.5133775e+00   8.8261005e-01
   6.5263013e+00   8.6729365e-01
   6.5392251e+00   8.5197725e-01
   6.5521490e+00   8.3666084e-01
   6.5662989e+00   8.2247107e-01
   6.5804696e+00   8.0830039e-01
   6.5946403e+00   7.9412970e-01
   6.6088110e+00   7.7995901e-01
   6.6245936e+00   7.6765917e-01
   6.6407042e+00   7.5573991e-01
   6.6568147e+00   7.4382065e-01
   6.6729252e+00   7.3190138e-01
   6.6886702e+00   7.1950931e-01
   6.7042647e+00   7.0692242e-01
   6.7198592e+00   6.9433553e-01
   6.7354536e+00   6.8174864e-01
   6.7533854e+00   6.7396190e-01
   6.7729109e+00   6.6944797e-01
   6.7924363e+00   6.6493403e-01
   6.8119617e+00   6.6042010e-01
   6.8317716e+00   6.5840000e-01
   6.8518120e+00   6.5840000e-01
   6.8718524e+00   6.5840000e-01
   6.8918928e+00   6.5840000e-01
   6.9119332e+00   6.5840000e-01
   6.9319736e+00   6.5840000e-01
   6.9520140e+00   6.5840000e-01
   6.9720544e+00   6.5840000e-01
   6.9920527e+00   6.5775542e-01
   7.0119235e+00   6.5515329e-01
   7.0317942e+00   6.5255116e-01
   7.0516650e+00   6.4994903e-01
   7.0710395e+00   6.4947583e-01
   7.0877122e+00   6.6059518e-01
   7.1043848e+00   6.7171452e-01
   7.1210575e+00   6.8283387e-01
   7.1377301e+00   6.9395322e-01
   7.1544028e+00   7.0507257e-01
   7.1710754e+00   7.1619192e-01
   7.1877481e+00   7.2731127e-01
   7.2044208e+00   7.3843062e-01
   7.2238500e+00   7.4200381e-01
   7.2437642e+00   7.4424943e-01
   7.2636783e+00   7.4649505e-01
   7.2835925e+00   7.4874066e-01
   7.2923610e+00   7.6599544e-01
   7.3002683e+00   7.8440988e-01
   7.3081757e+00   8.0282432e-01
   7.3160830e+00   8.2123876e-01
   7.3267003e+00   8.3815535e-01
   7.3380863e+00   8.5464703e-01
   7.3494723e+00   8.7113872e-01
   7.3608584e+00   8.8763040e-01
   7.3726995e+00   9.0379313e-01
   7.3847884e+00   9.1977674e-01
   7.3968773e+00   9.3576034e-01
   7.4089662e+00   9.5174395e-01
   7.4195052e+00   9.6869019e-01
   7.4284746e+00   9.8661132e-01
   7.4374441e+00   1.0045324e+00
   7.4464135e+00   1.0224536e+00
   7.4521372e+00   1.0411029e+00
   7.4516839e+00   1.0611382e+00
   7.4512307e+00   1.0811735e+00
   7.4507774e+00   1.1012087e+00
   7.4458432e+00   1.1196032e+00
   7.4332512e+00   1.1351935e+00
   7.4206592e+00   1.1507838e+00
   7.4080671e+00   1.1663742e+00
   7.3950040e+00   1.1815256e+00
   7.3803453e+00   1.1951909e+00
   7.3656866e+00   1.2088562e+00
   7.3510279e+00   1.2225215e+00
   7.3357348e+00   1.2350186e+00
   7.3162913e+00   1.2398731e+00
   7.2968478e+00   1.2447276e+00
   7.2774042e+00   1.2495821e+00
   7.2579244e+00   1.2541935e+00
   7.2379108e+00   1.2552297e+00
   7.2178972e+00   1.2562659e+00
   7.1978836e+00   1.2573020e+00
   7.1778700e+00   1.2583382e+00
   7.1693321e+00   1.2410444e+00
   7.1615215e+00   1.2225887e+00
   7.1537109e+00   1.2041331e+00
   7.1459003e+00   1.1856774e+00
   7.1436070e+00   1.1658690e+00
   7.1419951e+00   1.1458935e+00
   7.1403832e+00   1.1259180e+00
   7.1387713e+00   1.1059426e+00
   7.1405582e+00   1.0860751e+00
   7.1434346e+00   1.0662422e+00
   7.1463109e+00   1.0464093e+00
   7.1491873e+00   1.0265764e+00
   7.1546995e+00   1.0074318e+00
   7.1618878e+00   9.8872500e-01
   7.1690761e+00   9.7001817e-01
   7.1762644e+00   9.5131135e-01
   7.1826363e+00   9.3233371e-01
   7.1880522e+00   9.1303901e-01
   7.1934680e+00   8.9374430e-01
   7.1988839e+00   8.7444960e-01
   7.1983121e+00   8.5653996e-01
   7.1849733e+00   8.4158350e-01
   7.1716346e+00   8.2662703e-01
   7.1541501e+00   8.2096326e-01
   7.1341098e+00   8.2102825e-01
   7.1140695e+00   8.2109324e-01
   7.0940292e+00   8.2115823e-01
   7.0861057e+00   8.3703215e-01
   7.0808347e+00   8.5636693e-01
   7.0755637e+00   8.7570172e-01
   7.0560905e+00   8.7460109e-01
   7.0361312e+00   8.7280083e-01
   7.0161718e+00   8.7100057e-01
   6.9963633e+00   8.6993156e-01
   6.9787462e+00   8.7948436e-01
   6.9611291e+00   8.8903715e-01
   6.9435121e+00   8.9858994e-01
   6.9258950e+00   9.0814274e-01
   6.9075190e+00   9.1612546e-01
   6.8890889e+00   9.2399629e-01
   6.8706589e+00   9.3186713e-01
   6.8522288e+00   9.3973797e-01
   6.8429407e+00   9.5629162e-01
   6.8360292e+00   9.7510248e-01
   6.8291177e+00   9.9391334e-01
   6.8222062e+00   1.0127242e+00
   6.8183769e+00   1.0323364e+00
   6.8152510e+00   1.0521315e+00
   6.8121250e+00   1.0719266e+00
   6.8094844e+00   1.0917137e+00
   6.8132603e+00   1.1113952e+00
   6.8170363e+00   1.1310766e+00
   6.8208122e+00   1.1507581e+00
   6.8244120e+00   1.1704674e+00
   6.8268952e+00   1.1903534e+00
   6.8293784e+00   1.2102393e+00
   6.8318617e+00   1.2301253e+00
   6.8343449e+00   1.2500112e+00
   6.8398590e+00   1.2692740e+00
   6.8454229e+00   1.2885265e+00
   6.8509868e+00   1.3077791e+00
   6.8565507e+00   1.3270316e+00
   6.8687619e+00   1.3426340e+00
   6.8820214e+00   1.3576608e+00
   6.8952808e+00   1.3726876e+00
   6.9085403e+00   1.3877144e+00
   6.9249987e+00   1.3987843e+00
   6.9424696e+00   1.4086018e+00
   6.9599405e+00   1.4184194e+00
   6.9774114e+00   1.4282369e+00
   6.9960407e+00   1.4353620e+00
   7.0151825e+00   1.4412958e+00
   7.0343243e+00   1.4472295e+00
   7.0534661e+00   1.4531632e+00
   7.0723193e+00   1.4599143e+00
   7.0909439e+00   1.4673132e+00
   7.1095684e+00   1.4747120e+00
   7.1281930e+00   1.4821109e+00
   7.1470191e+00   1.4889419e+00
   7.1661400e+00   1.4949429e+00
   7.1852608e+00   1.5009438e+00
   7.2043816e+00   1.5069447e+00
   7.2237937e+00   1.5109860e+00
   7.2438333e+00   1.5108054e+00
   7.2638729e+00   1.5106249e+00
   7.2839125e+00   1.5104443e+00
   7.3038495e+00   1.5117496e+00
   7.3236744e+00   1.5146807e+00
   7.3434993e+00   1.5176118e+00
   7.3633242e+00   1.5205429e+00
   7.3829938e+00   1.5204846e+00
   7.4024081e+00   1.5155147e+00
   7.4218225e+00   1.5105448e+00
   7.4412369e+00   1.5055750e+00
   7.4599334e+00   1.4989343e+00
   7.4769025e+00   1.4882729e+00
   7.4938717e+00   1.4776114e+00
   7.5108408e+00   1.4669500e+00
   7.5290459e+00   1.4589683e+00
   7.5481712e+00   1.4529817e+00
   7.5672966e+00   1.4469951e+00
   7.5864219e+00   1.4410085e+00
   7.5957445e+00   1.4267204e+00
   7.5984995e+00   1.4068702e+00
   7.6012544e+00   1.3870201e+00
   7.6040093e+00   1.3671700e+00
   7.6128919e+00   1.3505718e+00
   7.6277865e+00   1.3371640e+00
   7.6426811e+00   1.3237562e+00
   7.6575757e+00   1.3103484e+00
   7.6714119e+00   1.2959627e+00
   7.6836026e+00   1.2800566e+00
   7.6957933e+00   1.2641505e+00
   7.7079839e+00   1.2482443e+00
   7.7178696e+00   1.2312820e+00
   7.7219572e+00   1.2116629e+00
   7.7260448e+00   1.1920438e+00
   7.7301323e+00   1.1724247e+00
   7.7354035e+00   1.1531751e+00
   7.7432025e+00   1.1347145e+00
   7.7510016e+00   1.1162539e+00
   7.7588006e+00   1.0977934e+00
   7.7672757e+00   1.0796419e+00
   7.7761351e+00   1.0616661e+00
   7.7849945e+00   1.0436903e+00
   7.7938539e+00   1.0257146e+00
   7.7919264e+00   1.0082676e+00
   7.7813512e+00   9.9124458e-01
   7.7707761e+00   9.7422156e-01
   7.7602009e+00   9.5719853e-01
   7.7527450e+00   9.3893559e-01
   7.7487471e+00   9.1929801e-01
   7.7447493e+00   8.9966043e-01
   7.7407514e+00   8.8002284e-01
   7.7380963e+00   8.6022633e-01
   7.7373990e+00   8.4019807e-01
   7.7367017e+00   8.2016981e-01
   7.7360043e+00   8.0014155e-01
   7.7323282e+00   7.8103989e-01
   7.7215417e+00   7.6414998e-01
   7.7107552e+00   7.4726006e-01
   7.6999687e+00   7.3037014e-01
   7.6926395e+00   7.1319602e-01
   7.7005230e+00   6.9477134e-01
   7.7084064e+00   6.7634666e-01
   7.7162898e+00   6.5792198e-01
   7.7233089e+00   6.3984651e-01
   7.7048395e+00   6.3206848e-01
   7.6863700e+00   6.2429046e-01
   7.6679006e+00   6.1651244e-01
   7.6507759e+00   6.0673478e-01
   7.6366057e+00   5.9256359e-01
   7.6224355e+00   5.7839240e-01
   7.6082653e+00   5.6422121e-01
   7.5945676e+00   5.4966009e-01
   7.5833434e+00   5.3305782e-01
   7.5721192e+00   5.1645555e-01
   7.5608951e+00   4.9985328e-01
   7.5496043e+00   4.8332363e-01
   7.5320880e+00   4.7358737e-01
   7.5145716e+00   4.6385111e-01
   7.4970553e+00   4.5411485e-01
   7.4795389e+00   4.4437859e-01
   7.4605597e+00   4.3802671e-01
   7.4414664e+00   4.3193902e-01
   7.4223730e+00   4.2585133e-01
   7.4076051e+00   4.1383058e-01
   7.3959686e+00   3.9751463e-01
   7.3843322e+00   3.8119869e-01
   7.3726957e+00   3.6488275e-01
   7.3549162e+00   3.6012936e-01
   7.3348823e+00   3.5961930e-01
   7.3148484e+00   3.5910924e-01
   7.2948145e+00   3.5859919e-01
   7.2754250e+00   3.5447352e-01
   7.2564483e+00   3.4803115e-01
   7.2374717e+00   3.4158878e-01
   7.2184950e+00   3.3514641e-01
   7.1990812e+00   3.3053067e-01
   7.1792441e+00   3.2768288e-01
   7.1594071e+00   3.2483509e-01
   7.1396654e+00   3.2156819e-01
   7.1205467e+00   3.1556048e-01
   7.1014280e+00   3.0955277e-01
   7.0823093e+00   3.0354506e-01
   7.0631170e+00   2.9780700e-01
   7.0435953e+00   2.9327706e-01
   7.0240736e+00   2.8874712e-01
   7.0048057e+00   2.8643773e-01
   6.9868100e+00   2.9525654e-01
   6.9688143e+00   3.0407536e-01
   6.9508186e+00   3.1289417e-01
   6.9331082e+00   3.1659348e-01
   6.9162042e+00   3.0582923e-01
   6.8993001e+00   2.9506497e-01
   6.8823960e+00   2.8430072e-01
   6.8650190e+00   2.7610734e-01
   6.8453907e+00   2.8015099e-01
   6.8257625e+00   2.8419464e-01
   6.8068044e+00   2.9019255e-01
   6.7888244e+00   2.9904343e-01
   6.7708445e+00   3.0789431e-01
   6.7528645e+00   3.1674518e-01
   6.7341323e+00   3.2236500e-01
   6.7140919e+00   3.2236500e-01
   6.6940516e+00   3.2236500e-01
   6.6740112e+00   3.2236500e-01
   6.6551487e+00   3.2530669e-01
   6.6406469e+00   3.3913840e-01
   6.6261452e+00   3.5297010e-01
   6.6116434e+00   3.6680181e-01
   6.5942130e+00   3.7484856e-01
   6.5744805e+00   3.7834789e-01
   6.5547480e+00   3.8184723e-01
   6.5350155e+00   3.8534657e-01
   6.5151101e+00   3.8603188e-01
   6.4950976e+00   3.8497436e-01
   6.4750851e+00   3.8391683e-01
   6.4550727e+00   3.8285931e-01
   6.4410251e+00   3.9142524e-01
   6.4330689e+00   4.0981860e-01
   6.4251126e+00   4.2821196e-01
   6.4171564e+00   4.4660531e-01
   6.4015577e+00   4.5308644e-01
   6.3815220e+00   4.5265162e-01
   6.3614864e+00   4.5221680e-01
   6.3414507e+00   4.5178198e-01
   6.3267726e+00   4.6165661e-01
   6.3156137e+00   4.7830276e-01
   6.3044547e+00   4.9494891e-01
   6.2932957e+00   5.1159506e-01
   6.2827959e+00   5.2865515e-01
   6.2726497e+00   5.4593732e-01
   6.2625036e+00   5.6321948e-01
   6.2523575e+00   5.8050164e-01
   6.2360049e+00   5.8730344e-01
   6.2159732e+00   5.8789243e-01
   6.1959414e+00   5.8848142e-01
   6.1759097e+00   5.8907041e-01
   6.1633401e+00   6.0149977e-01
   6.1541662e+00   6.1931708e-01
   6.1449923e+00   6.3713440e-01
   6.1348530e+00   6.5435367e-01
   6.1229854e+00   6.7050224e-01
   6.1111177e+00   6.8665082e-01
   6.0964113e+00   6.9965185e-01
   6.0791276e+00   7.0979546e-01
   6.0618440e+00   7.1993907e-01
   6.0445603e+00   7.3008269e-01
   6.0332530e+00   7.4562971e-01
   6.0248965e+00   7.6384473e-01
   6.0165401e+00   7.8205975e-01
   6.0081836e+00   8.0027477e-01
   5.9988830e+00   8.1799731e-01
   5.9887269e+00   8.3527366e-01
   5.9785709e+00   8.5255002e-01
   5.9684149e+00   8.6982637e-01
   5.9543571e+00   8.8330098e-01
   5.9373502e+00   8.9390209e-01
   5.9203433e+00   9.0450320e-01
   5.9033365e+00   9.1510431e-01
   5.8953361e+00   9.3325688e-01
   5.8878635e+00   9.5185198e-01
   5.8803909e+00   9.7044708e-01
   5.8718094e+00   9.8804800e-01
   5.8541374e+00   9.9749876e-01
   5.8364653e+00   1.0069495e+00
   5.8187933e+00   1.0164003e+00
   5.8011241e+00   1.0258563e+00
   5.7835376e+00   1.0354652e+00
   5.7659510e+00   1.0450741e+00
   5.7483645e+00   1.0546830e+00
   5.7319362e+00   1.0651546e+00
   5.7277659e+00   1.0847563e+00
   5.7235955e+00   1.1043579e+00
   5.7194251e+00   1.1239596e+00
   5.7146835e+00   1.1433623e+00
   5.7057709e+00   1.1613117e+00
   5.6968582e+00   1.1792611e+00
   5.6879456e+00   1.1972106e+00
   5.6807409e+00   1.2158526e+00
   5.6746351e+00   1.2349402e+00
   5.6685293e+00   1.2540278e+00
   5.6624235e+00   1.2731154e+00
   5.6564999e+00   1.2922592e+00
   5.6507923e+00   1.3114696e+00
   5.6450846e+00   1.3306800e+00
   5.6393769e+00   1.3498904e+00
   5.6308532e+00   1.3673308e+00
   5.6160171e+00   1.3808033e+00
   5.6011811e+00   1.3942758e+00
   5.5863450e+00   1.4077483e+00
   5.5717453e+00   1.4214724e+00
   5.5573731e+00   1.4354387e+00
   5.5500581e+00   1.4521427e+00
   5.5512520e+00   1.4721475e+00
   5.5524459e+00   1.4921523e+00
   5.5536398e+00   1.5121571e+00
   5.5508157e+00   1.5312465e+00
   5.5410746e+00   1.5487602e+00
   5.5313334e+00   1.5662738e+00
   5.5215923e+00   1.5837874e+00
   5.5109069e+00   1.6006912e+00
   5.4989501e+00   1.6167739e+00
   5.4869933e+00   1.6328566e+00
   5.4750365e+00   1.6489392e+00
   5.4701896e+00   1.6674463e+00
   5.4698302e+00   1.6874834e+00
   5.4694707e+00   1.7075206e+00
   5.4691112e+00   1.7275578e+00
   5.4677629e+00   1.7475244e+00
   5.4652751e+00   1.7674098e+00
   5.4627874e+00   1.7872952e+00
   5.4602997e+00   1.8071806e+00
   5.4539732e+00   1.8250825e+00
   5.4391929e+00   1.8386161e+00
   5.4244126e+00   1.8521497e+00
   5.4096322e+00   1.8656833e+00
   5.3995408e+00   1.8811928e+00
   5.4001775e+00   1.9012231e+00
   5.4008143e+00   1.9212534e+00
   5.4014511e+00   1.9412836e+00
   5.3996286e+00   1.9608165e+00
   5.3912572e+00   1.9790246e+00
   5.3828858e+00   1.9972328e+00
   5.3745144e+00   2.0154409e+00
   5.3658456e+00   2.0334925e+00
   5.3555713e+00   2.0506988e+00
   5.3452970e+00   2.0679051e+00
   5.3350227e+00   2.0851114e+00
   5.3257095e+00   2.1026109e+00
   5.3246275e+00   2.1226221e+00
   5.3235456e+00   2.1426333e+00
   5.3224636e+00   2.1626444e+00
   5.3207861e+00   2.1824219e+00
   5.3079695e+00   2.1978281e+00
   5.2951529e+00   2.2132343e+00
   5.2823362e+00   2.2286405e+00
   5.2758647e+00   2.2467881e+00
   5.2734306e+00   2.2666801e+00
   5.2709965e+00   2.2865722e+00
   5.2685625e+00   2.3064642e+00
   5.2711360e+00   2.3257048e+00
   5.2785781e+00   2.3443122e+00
   5.2860201e+00   2.3629195e+00
   5.2934622e+00   2.3815269e+00
   5.2975836e+00   2.4006592e+00
   5.2962441e+00   2.4206547e+00
   5.2949045e+00   2.4406503e+00
   5.2935650e+00   2.4606459e+00
   5.2879923e+00   2.4790418e+00
   5.2757732e+00   2.4949260e+00
   5.2635540e+00   2.5108102e+00
   5.2513348e+00   2.5266945e+00
   5.2452288e+00   2.5439514e+00
   5.2494842e+00   2.5635348e+00
   5.2537395e+00   2.5831182e+00
   5.2579949e+00   2.6027016e+00
   5.2617727e+00   2.6223615e+00
   5.2638550e+00   2.6422935e+00
   5.2659373e+00   2.6622254e+00
   5.2680195e+00   2.6821573e+00
   5.2630555e+00   2.6977307e+00
   5.2442914e+00   2.7047681e+00
   5.2255272e+00   2.7118055e+00
   5.2067631e+00   2.7188428e+00
   5.1964452e+00   2.7323324e+00
   5.1945902e+00   2.7522867e+00
   5.1927351e+00   2.7722411e+00
   5.2002987e+00   2.7905488e+00
   5.2088138e+00   2.8086902e+00
   5.2173290e+00   2.8268316e+00
   5.2258441e+00   2.8449730e+00
   5.2319104e+00   2.8640160e+00
   5.2371932e+00   2.8833476e+00
   5.2424761e+00   2.9026791e+00
   5.2477590e+00   2.9220107e+00
   5.2481715e+00   2.9417323e+00
   5.2460327e+00   2.9616582e+00
   5.2438938e+00   2.9815841e+00
   5.2417550e+00   3.0015101e+00
   5.2323427e+00   3.0178773e+00
   5.2179231e+00   3.0317946e+00
   5.2035034e+00   3.0457119e+00
   5.1901325e+00   3.0601556e+00
   5.1875873e+00   3.0800338e+00
   5.1850420e+00   3.0999119e+00
   5.1831876e+00   3.1196312e+00
   5.1941570e+00   3.1364029e+00
   5.2051264e+00   3.1531746e+00
   5.2160958e+00   3.1699462e+00
   5.2270652e+00   3.1867179e+00
   5.2280390e+00   3.2065838e+00
   5.2284634e+00   3.2266197e+00
   5.2288879e+00   3.2466556e+00
   5.2286036e+00   3.2664503e+00
   5.2160446e+00   3.2820672e+00
   5.2034855e+00   3.2976841e+00
   5.1909265e+00   3.3133010e+00
   5.1799226e+00   3.3292194e+00
   5.1857359e+00   3.3483981e+00
   5.1915493e+00   3.3675768e+00
   5.1973627e+00   3.3867554e+00
   5.2039700e+00   3.4056391e+00
   5.2120929e+00   3.4239594e+00
   5.2202158e+00   3.4422798e+00
   5.2283386e+00   3.4606002e+00
   5.2352360e+00   3.4792396e+00
   5.2370757e+00   3.4991953e+00
   5.2389154e+00   3.5191511e+00
   5.2407551e+00   3.5391069e+00
   5.2411119e+00   3.5586850e+00
   5.2299509e+00   3.5753298e+00
   5.2187899e+00   3.5919746e+00
   5.2076289e+00   3.6086193e+00
   5.1967343e+00   3.6253915e+00
   5.1907884e+00   3.6445295e+00
   5.1848424e+00   3.6636675e+00
   5.1788964e+00   3.6828055e+00
   5.1758301e+00   3.7010936e+00
   5.1912149e+00   3.7139360e+00
   5.2065996e+00   3.7267784e+00
   5.2219844e+00   3.7396208e+00
   5.2364994e+00   3.7531218e+00
   5.2446891e+00   3.7714124e+00
   5.2528787e+00   3.7897030e+00
   5.2610684e+00   3.8079936e+00
   5.2650685e+00   3.8267647e+00
   5.2612323e+00   3.8464345e+00
   5.2573961e+00   3.8661043e+00
   5.2535599e+00   3.8857741e+00
   5.2425263e+00   3.9005028e+00
   5.2255488e+00   3.9111509e+00
   5.2085713e+00   3.9217990e+00
   5.1915938e+00   3.9324471e+00
   5.1887590e+00   3.9470655e+00
   5.1977142e+00   3.9649938e+00
   5.2066695e+00   3.9829220e+00
   5.2156247e+00   4.0008502e+00
   5.2255285e+00   4.0182185e+00
   5.2368975e+00   4.0347220e+00
   5.2482664e+00   4.0512254e+00
   5.2596354e+00   4.0677289e+00
   5.2712020e+00   4.0840891e+00
   5.2833450e+00   4.1000316e+00
   5.2954881e+00   4.1159741e+00
   5.3076312e+00   4.1319167e+00
   5.3182145e+00   4.1484775e+00
   5.3202939e+00   4.1684097e+00
   5.3223732e+00   4.1883420e+00
   5.3244526e+00   4.2082742e+00
   5.3258830e+00   4.2281412e+00
   5.3198814e+00   4.2472618e+00
   5.3138797e+00   4.2663824e+00
   5.3078780e+00   4.2855030e+00
   5.3000335e+00   4.3027629e+00
   5.2808559e+00   4.3085800e+00
   5.2616783e+00   4.3143970e+00
   5.2425008e+00   4.3202140e+00
   5.2238041e+00   4.3271200e+00
   5.2065876e+00   4.3373771e+00
   5.1893710e+00   4.3476342e+00
   5.2016032e+00   4.3615632e+00
   5.2157739e+00   4.3757339e+00
   5.2299446e+00   4.3899046e+00
   5.2441153e+00   4.4040753e+00
   5.2598312e+00   4.4164484e+00
   5.2759683e+00   4.4283318e+00
   5.2921053e+00   4.4402151e+00
   5.3082423e+00   4.4520984e+00
   5.3231687e+00   4.4654109e+00
   5.3375431e+00   4.4793748e+00
   5.3519176e+00   4.4933388e+00
   5.3662920e+00   4.5073028e+00
   5.3779419e+00   4.5233547e+00
   5.3876872e+00   4.5408660e+00
   5.3974326e+00   4.5583773e+00
   5.4071779e+00   4.5758886e+00
   5.4150302e+00   4.5941832e+00
   5.4205076e+00   4.6134605e+00
   5.4259849e+00   4.6327379e+00
   5.4314623e+00   4.6520152e+00
   5.4352332e+00   4.6716105e+00
   5.4370660e+00   4.6915669e+00
   5.4388988e+00   4.7115233e+00
   5.4407317e+00   4.7314797e+00
   5.4434827e+00   4.7512890e+00
   5.4479768e+00   4.7708190e+00
   5.4524708e+00   4.7903490e+00
   5.4569649e+00   4.8098790e+00
   5.4607904e+00   4.8295033e+00
   5.4618734e+00   4.8495144e+00
   5.4629564e+00   4.8695255e+00
   5.4640393e+00   4.8895366e+00
   5.4638034e+00   4.9092645e+00
   5.4545987e+00   4.9270659e+00
   5.4453940e+00   4.9448673e+00
   5.4361893e+00   4.9626688e+00
   5.4247319e+00   4.9725348e+00
   5.4075469e+00   4.9622249e+00
   5.3903619e+00   4.9519151e+00
   5.3731769e+00   4.9416052e+00
   5.3559919e+00   4.9312954e+00
   5.3388069e+00   4.9209855e+00
   5.3216219e+00   4.9106757e+00
   5.3044369e+00   4.9003658e+00
   5.2872519e+00   4.8900559e+00
   5.2700669e+00   4.8797461e+00
   5.2528819e+00   4.8694362e+00
   5.2356969e+00   4.8591264e+00
   5.2185119e+00   4.8488165e+00
   5.2013269e+00   4.8385067e+00
   5.1841419e+00   4.8281968e+00
   5.1669569e+00   4.8178870e+00
   5.1497719e+00   4.8075771e+00
   5.1325869e+00   4.7972673e+00
   5.1154019e+00   4.7869574e+00
   5.0982169e+00   4.7766475e+00
   5.0810319e+00   4.7663377e+00
   5.0638469e+00   4.7560278e+00
   5.0466619e+00   4.7457180e+00
   5.0294769e+00   4.7354081e+00
   5.0122919e+00   4.7250982e+00
   4.9951069e+00   4.7147884e+00
   4.9779219e+00   4.7044786e+00
   4.9607369e+00   4.6941687e+00
   4.9435519e+00   4.6838589e+00
   4.9263669e+00   4.6735490e+00
   4.9091819e+00   4.6632391e+00
   4.8919969e+00   4.6529293e+00
   4.8748119e+00   4.6426194e+00
   4.8574688e+00   4.6331992e+00
   4.8377835e+00   4.6369552e+00
   4.8180982e+00   4.6407112e+00
   4.7984130e+00   4.6444673e+00
   4.7808783e+00   4.6525105e+00
   4.7660976e+00   4.6660437e+00
   4.7513169e+00   4.6795769e+00
   4.7365361e+00   4.6931101e+00
   4.7231872e+00   4.7077973e+00
   4.7131026e+00   4.7251154e+00
   4.7030179e+00   4.7424336e+00
   4.6929333e+00   4.7597517e+00
   4.6831820e+00   4.7772379e+00
   4.6752601e+00   4.7956460e+00
   4.6673381e+00   4.8140541e+00
   4.6594161e+00   4.8324623e+00
   4.6516056e+00   4.8509062e+00
   4.6473292e+00   4.8704850e+00
   4.6430527e+00   4.8900638e+00
   4.6387763e+00   4.9096426e+00
   4.6344998e+00   4.9292214e+00
   4.6286877e+00   4.9483923e+00
   4.6226842e+00   4.9675123e+00
   4.6166808e+00   4.9866324e+00
   4.6106774e+00   5.0057524e+00
   4.6057404e+00   5.0251640e+00
   4.6011823e+00   5.0446792e+00
   4.5966243e+00   5.0641943e+00
   4.5920662e+00   5.0837095e+00
   4.5903662e+00   5.1035359e+00
   4.5906171e+00   5.1235747e+00
   4.5908680e+00   5.1436135e+00
   4.5911189e+00   5.1636523e+00
   4.5886373e+00   5.1833761e+00
   4.5838326e+00   5.2028320e+00
   4.5790278e+00   5.2222879e+00
   4.5742230e+00   5.2417438e+00
   4.5731695e+00   5.2613923e+00
   4.5759556e+00   5.2812381e+00
   4.5787417e+00   5.3010839e+00
   4.5815278e+00   5.3209297e+00
   4.5843665e+00   5.3407680e+00
   4.5872234e+00   5.3606037e+00
   4.5900802e+00   5.3804394e+00
   4.5929371e+00   5.4002751e+00
   4.5955800e+00   5.4201397e+00
   4.5980759e+00   5.4400240e+00
   4.6005719e+00   5.4599084e+00
   4.6030679e+00   5.4797927e+00
   4.6066436e+00   5.4994726e+00
   4.6115906e+00   5.5188928e+00
   4.6165377e+00   5.5383130e+00
   4.6214848e+00   5.5577332e+00
   4.6259178e+00   5.5772603e+00
   4.6291256e+00   5.5970423e+00
   4.6323334e+00   5.6168243e+00
   4.6355411e+00   5.6366063e+00
   4.6390609e+00   5.6563208e+00
   4.6443213e+00   5.6756585e+00
   4.6495816e+00   5.6949962e+00
   4.6548420e+00   5.7143339e+00
   4.6601589e+00   5.7336527e+00
   4.6675157e+00   5.7522940e+00
   4.6748725e+00   5.7709352e+00
   4.6822293e+00   5.7895764e+00
   4.6895862e+00   5.8082176e+00
   4.6981975e+00   5.8263061e+00
   4.7069871e+00   5.8443161e+00
   4.7157767e+00   5.8623261e+00
   4.7245663e+00   5.8803361e+00
   4.7356167e+00   5.8969800e+00
   4.7474739e+00   5.9131362e+00
   4.7593312e+00   5.9292924e+00
   4.7711884e+00   5.9454486e+00
   4.7858281e+00   5.9587379e+00
   4.8023314e+00   5.9701072e+00
   4.8188346e+00   5.9814764e+00
   4.8353379e+00   5.9928457e+00
   4.8542065e+00   5.9933065e+00
   4.8739367e+00   5.9897941e+00
   4.8936669e+00   5.9862817e+00
   4.9133971e+00   5.9827693e+00
   4.9322840e+00   5.9765094e+00
   4.9505871e+00   5.9683478e+00
   4.9688903e+00   5.9601861e+00
   4.9871934e+00   5.9520245e+00
   5.0039459e+00   5.9414269e+00
   5.0190876e+00   5.9282989e+00
   5.0342294e+00   5.9151708e+00
   5.0493711e+00   5.9020428e+00
   5.0641789e+00   5.8885561e+00
   5.0783496e+00   5.8743854e+00
   5.0925203e+00   5.8602147e+00
   5.1066910e+00   5.8460440e+00
   5.1208617e+00   5.8318733e+00
   5.1350324e+00   5.8177026e+00
   5.1492031e+00   5.8035319e+00
   5.1633738e+00   5.7893612e+00
   5.1775624e+00   5.7752091e+00
   5.1921908e+00   5.7615114e+00
   5.2068192e+00   5.7478137e+00
   5.2214477e+00   5.7341160e+00
   5.2360761e+00   5.7204184e+00
   5.2526657e+00   5.7092302e+00
   5.2694926e+00   5.6983456e+00
   5.2863195e+00   5.6874611e+00
   5.3031463e+00   5.6765765e+00
   5.3224622e+00   5.6738882e+00
   5.3425002e+00   5.6735779e+00
   5.3623979e+00   5.6734079e+00
   5.3620957e+00   5.6934460e+00
   5.3617935e+00   5.7134841e+00
   5.3614913e+00   5.7335222e+00
   5.3611891e+00   5.7535603e+00
   5.3590119e+00   5.7734674e+00
   5.3565241e+00   5.7933528e+00
   5.3540364e+00   5.8132382e+00
   5.3515487e+00   5.8331236e+00
   5.3470134e+00   5.8525973e+00
   5.3416236e+00   5.8718994e+00
   5.3362338e+00   5.8912014e+00
   5.3308440e+00   5.9105034e+00
   5.3249732e+00   5.9296593e+00
   5.3187169e+00   5.9486981e+00
   5.3124606e+00   5.9677369e+00
   5.3062043e+00   5.9867757e+00
   5.2984655e+00   6.0051559e+00
   5.2885311e+00   6.0225606e+00
   5.2785966e+00   6.0399653e+00
   5.2686622e+00   6.0573700e+00
   5.2581812e+00   6.0744137e+00
   5.2460686e+00   6.0903793e+00
   5.2339560e+00   6.1063450e+00
   5.2218434e+00   6.1223106e+00
   5.2095282e+00   6.1381013e+00
   5.1954945e+00   6.1524077e+00
   5.1814609e+00   6.1667141e+00
   5.1674272e+00   6.1810205e+00
   5.1533935e+00   6.1953270e+00
   5.1370706e+00   6.2069283e+00
   5.1206402e+00   6.2184025e+00
   5.1042098e+00   6.2298768e+00
   5.0877793e+00   6.2413510e+00
   5.0691251e+00   6.2482492e+00
   5.0499509e+00   6.2540775e+00
   5.0307768e+00   6.2599057e+00
   5.0116026e+00   6.2657340e+00
   4.9928438e+00   6.2727357e+00
   4.9742726e+00   6.2802676e+00
   4.9557014e+00   6.2877994e+00
   4.9371303e+00   6.2953313e+00
   4.9179852e+00   6.3009949e+00
   4.8983883e+00   6.3051878e+00
   4.8787915e+00   6.3093807e+00
   4.8591946e+00   6.3135736e+00
   4.8394232e+00   6.3157298e+00
   4.8193987e+00   6.3149322e+00
   4.7993742e+00   6.3141346e+00
   4.7793497e+00   6.3133370e+00
   4.7602166e+00   6.3091592e+00
   4.7424029e+00   6.2999783e+00
   4.7245891e+00   6.2907974e+00
   4.7067754e+00   6.2816165e+00
   4.7142137e+00   6.2979952e+00
   4.7231783e+00   6.3159187e+00
   4.7321429e+00   6.3338423e+00
   4.7411075e+00   6.3517658e+00
   4.7504641e+00   6.3694864e+00
   4.7599246e+00   6.3871532e+00
   4.7693850e+00   6.4048201e+00
   4.7788454e+00   6.4224869e+00
   4.7905882e+00   6.4385979e+00
   4.8035761e+00   6.4538600e+00
   4.8165639e+00   6.4691222e+00
   4.8295517e+00   6.4843844e+00
   4.8410082e+00   6.5007224e+00
   4.8509633e+00   6.5181153e+00
   4.8609184e+00   6.5355082e+00
   4.8708735e+00   6.5529011e+00
   4.8804465e+00   6.5704987e+00
   4.8894056e+00   6.5884250e+00
   4.8983647e+00   6.6063513e+00
   4.9073238e+00   6.6242776e+00
   4.9144594e+00   6.6426862e+00
   4.9155361e+00   6.6626977e+00
   4.9166127e+00   6.6827091e+00
   4.9176893e+00   6.7027206e+00
   4.9189797e+00   6.7227112e+00
   4.9217959e+00   6.7425527e+00
   4.9246122e+00   6.7623942e+00
   4.9274285e+00   6.7822357e+00
   4.9302447e+00   6.8020773e+00
   4.9275721e+00   6.8219160e+00
   4.9247360e+00   6.8417547e+00
   4.9218999e+00   6.8615934e+00
   4.9190638e+00   6.8814321e+00
   4.9127171e+00   6.9003643e+00
   4.9055930e+00   6.9190956e+00
   4.8984689e+00   6.9378270e+00
   4.8913449e+00   6.9565584e+00
   4.8765258e+00   6.9684906e+00
   4.8588142e+00   6.9778672e+00
   4.8411027e+00   6.9872438e+00
   4.8233912e+00   6.9966203e+00
   4.8042970e+00   6.9999506e+00
   4.7842704e+00   6.9992047e+00
   4.7642439e+00   6.9984588e+00
   4.7442174e+00   6.9977128e+00
   4.7256310e+00   6.9918583e+00
   4.7081633e+00   6.9820350e+00
   4.6906956e+00   6.9722117e+00
   4.6732280e+00   6.9623884e+00
   4.6561236e+00   6.9519761e+00
   4.6395066e+00   6.9407737e+00
   4.6228897e+00   6.9295713e+00
   4.6062727e+00   6.9183689e+00
   4.5967086e+00   6.9157132e+00
   4.6045536e+00   6.9341542e+00
   4.6123986e+00   6.9525953e+00
   4.6202436e+00   6.9710364e+00
   4.6318071e+00   6.9872661e+00
   4.6442643e+00   7.0029644e+00
   4.6567215e+00   7.0186627e+00
   4.6691786e+00   7.0343610e+00
   4.6801441e+00   7.0510836e+00
   4.6903207e+00   7.0683478e+00
   4.7004973e+00   7.0856120e+00
   4.7106739e+00   7.1028763e+00
   4.7203903e+00   7.1203969e+00
   4.7297094e+00   7.1381387e+00
   4.7390285e+00   7.1558805e+00
   4.7483476e+00   7.1736223e+00
   4.7571202e+00   7.1916251e+00
   4.7650616e+00   7.2100248e+00
   4.7730030e+00   7.2284246e+00
   4.7809444e+00   7.2468244e+00
   4.7881254e+00   7.2654836e+00
   4.7930866e+00   7.2849002e+00
   4.7980478e+00   7.3043168e+00
   4.8030090e+00   7.3237334e+00
   4.8073608e+00   7.3432229e+00
   4.8071205e+00   7.3632618e+00
   4.8068803e+00   7.3833008e+00
   4.8066400e+00   7.4033397e+00
   4.8051887e+00   7.4232216e+00
   4.8003078e+00   7.4426585e+00
   4.7954268e+00   7.4620954e+00
   4.7905459e+00   7.4815323e+00
   4.7845808e+00   7.5003783e+00
   4.7708905e+00   7.5150136e+00
   4.7572001e+00   7.5296489e+00
   4.7435097e+00   7.5442841e+00
   4.7296221e+00   7.5585648e+00
   4.7099668e+00   7.5624744e+00
   4.6903114e+00   7.5663840e+00
   4.6706561e+00   7.5702937e+00
   4.6516009e+00   7.5712762e+00
   4.6350698e+00   7.5599475e+00
   4.6185386e+00   7.5486188e+00
   4.6020075e+00   7.5372901e+00
   4.5858768e+00   7.5255267e+00
   4.5732319e+00   7.5099793e+00
   4.5605870e+00   7.4944318e+00
   4.5479420e+00   7.4788844e+00
   4.5352971e+00   7.4633369e+00
   4.5211710e+00   7.4491260e+00
   4.5070003e+00   7.4349553e+00
   4.4928296e+00   7.4207846e+00
   4.4786589e+00   7.4066139e+00
   4.4657328e+00   7.4167610e+00
   4.4632228e+00   7.4339556e+00
   4.4702879e+00   7.4527093e+00
   4.4773530e+00   7.4714630e+00
   4.4844180e+00   7.4902167e+00
   4.4933767e+00   7.5080025e+00
   4.5044388e+00   7.5247133e+00
   4.5155009e+00   7.5414240e+00
   4.5265630e+00   7.5581347e+00
   4.5384620e+00   7.5742016e+00
   4.5517752e+00   7.5891809e+00
   4.5650883e+00   7.6041601e+00
   4.5784014e+00   7.6191394e+00
   4.5914143e+00   7.6343639e+00
   4.6034362e+00   7.6503979e+00
   4.6154582e+00   7.6664320e+00
   4.6274802e+00   7.6824660e+00
   4.6391186e+00   7.6987127e+00
   4.6463549e+00   7.7174010e+00
   4.6535911e+00   7.7360894e+00
   4.6608274e+00   7.7547777e+00
   4.6680636e+00   7.7734661e+00
   4.6723361e+00   7.7930335e+00
   4.6764608e+00   7.8126449e+00
   4.6805854e+00   7.8322562e+00
   4.6847101e+00   7.8518676e+00
   4.6888302e+00   7.8714799e+00
   4.6929492e+00   7.8910924e+00
   4.6970682e+00   7.9107049e+00
   4.7011872e+00   7.9303174e+00
   4.7001388e+00   7.9500515e+00
   4.6969465e+00   7.9698360e+00
   4.6937542e+00   7.9896205e+00
   4.6905620e+00   8.0094050e+00
   4.6794253e+00   8.0246920e+00
   4.6641039e+00   8.0376100e+00
   4.6487826e+00   8.0505279e+00
   4.6330904e+00   8.0620504e+00
   4.6133772e+00   8.0584437e+00
   4.5936640e+00   8.0548370e+00
   4.5739509e+00   8.0512303e+00
   4.5542488e+00   8.0475958e+00
   4.5375216e+00   8.0365587e+00
   4.5207944e+00   8.0255217e+00
   4.5040672e+00   8.0144846e+00
   4.4873399e+00   8.0034475e+00
   4.4681876e+00   7.9981372e+00
   4.4486211e+00   7.9938048e+00
   4.4290546e+00   7.9894724e+00
   4.4094881e+00   7.9851401e+00
   4.4115082e+00   8.0021171e+00
   4.4160930e+00   8.0216260e+00
   4.4206779e+00   8.0411349e+00
   4.4336377e+00   8.0554087e+00
   4.4491663e+00   8.0680767e+00
   4.4646950e+00   8.0807447e+00
   4.4802236e+00   8.0934128e+00
   4.4956103e+00   8.1062517e+00
   4.5109147e+00   8.1191897e+00
   4.5262192e+00   8.1321277e+00
   4.5415236e+00   8.1450657e+00
   4.5541232e+00   8.1602794e+00
   4.5642526e+00   8.1775714e+00
   4.5743820e+00   8.1948634e+00
   4.5845114e+00   8.2121553e+00
   4.5961244e+00   8.2283884e+00
   4.6091859e+00   8.2435875e+00
   4.6222475e+00   8.2587867e+00
   4.6353090e+00   8.2739858e+00
   4.6443678e+00   8.2911869e+00
   4.6486946e+00   8.3107546e+00
   4.6530215e+00   8.3303223e+00
   4.6573483e+00   8.3498900e+00
   4.6582797e+00   8.3695013e+00
   4.6544566e+00   8.3891737e+00
   4.6506335e+00   8.4088460e+00
   4.6468104e+00   8.4285184e+00
   4.6421655e+00   8.4479901e+00
   4.6364928e+00   8.4672108e+00
   4.6308201e+00   8.4864316e+00
   4.6251474e+00   8.5056524e+00
   4.6183244e+00   8.5243970e+00
   4.6087522e+00   8.5420035e+00
   4.5991800e+00   8.5596101e+00
   4.5896078e+00   8.5772166e+00
   4.5774221e+00   8.5892336e+00
   4.5577736e+00   8.5852897e+00
   4.5381251e+00   8.5813458e+00
   4.5184766e+00   8.5774019e+00
   4.4991867e+00   8.5725150e+00
   4.4818810e+00   8.5624090e+00
   4.4645754e+00   8.5523029e+00
   4.4472698e+00   8.5421969e+00
   4.4308141e+00   8.5331198e+00
   4.4374699e+00   8.5520227e+00
   4.4441258e+00   8.5709255e+00
   4.4507816e+00   8.5898283e+00
   4.4680670e+00   8.5994810e+00
   4.4858695e+00   8.6086837e+00
   4.5036719e+00   8.6178865e+00
   4.5214744e+00   8.6270892e+00
   4.5267932e+00   8.6449536e+00
   4.5291818e+00   8.6648511e+00
   4.5315704e+00   8.6847487e+00
   4.5339589e+00   8.7046462e+00
   4.5271626e+00   8.7230074e+00
   4.5184288e+00   8.7410446e+00
   4.5096950e+00   8.7590817e+00
   4.5009612e+00   8.7771189e+00
   4.4953079e+00   8.7962179e+00
   4.4910714e+00   8.8158054e+00
   4.4868348e+00   8.8353929e+00
   4.4825982e+00   8.8549803e+00
   4.4806926e+00   8.8748811e+00
   4.4796066e+00   8.8948921e+00
   4.4785206e+00   8.9149030e+00
   4.4778131e+00   8.9348737e+00
   4.4830843e+00   8.9542084e+00
   4.4883555e+00   8.9735432e+00
   4.4936266e+00   8.9928779e+00
   4.4998498e+00   9.0090865e+00
   4.5150024e+00   8.9959710e+00
   4.5301550e+00   8.9828556e+00
   4.5453077e+00   8.9697401e+00
